-0.061207171529531,0.20372512936592,-0.045526538044214,-0.10281972587109,-0.013694037683308,0.19528283178806,-0.10659711807966,-0.16859690845013,-0.037413325160742,0.032738909125328,0.080684393644333,-0.029427066445351,0.061208561062813,-0.057887315750122,-0.046485353261232,-0.11649743467569,-0.10190219432116,0.089022867381573,0.00048110648640431,-0.068325199186802,0.039419293403625,0.049037091434002,-0.036483380943537,-0.050414819270372,0.027138942852616,0.0077767143957317,-0.0028393727261573,-0.017502864822745,0.043410491198301,0.076094530522823,0.10602915287018,-0.17351205646992,-0.036466054618359,-0.087387248873711,0.17626455426216,0.045593675225973,-0.047820501029491,-0.085800394415855,0.13012401759624,0.012042919173837,-0.029485058039427,-0.062255460768938,-0.051857613027096,0.19254507124424,-0.099317729473114,-0.0079002445563674,0.063461102545261,0.11883282661438,-0.10877300053835,-0.064414717257023,-0.0045974147506058,0.12582942843437,-0.011771880090237,-0.038939647376537,-0.1111798286438,0.028576485812664,-0.059875890612602,0.05916802585125,-0.0690613463521,-0.099233709275723,-0.066460065543652,0.035941861569881,0.2100146561861,0.016976293176413,0.040102802217007,-0.11874462664127,0.061939258128405,0.023730406537652,-0.051840007305145,0.085061073303223,0.10252571851015,-0.018282569944859,0.00475899502635,-0.1581112742424,-0.0055917892605066,0.00082584877964109,-0.19264096021652,-0.02339874394238,0.028300460427999,0.1410224288702,-0.0048034847714007,0.012105141766369,0.080139815807343,0.14258949458599,-0.087720699608326,-0.028114259243011,0.028532657772303,-0.05214287340641,0.017235578969121,0.034071478992701,-0.034292954951525,-0.1027873903513,0.082584246993065,0.044922303408384,-0.11431996524334,-0.23416090011597,-0.056260775774717,0.076002575457096,-0.083815962076187,-0.043918766081333,0.069120287895203,0.20363247394562,-0.031779874116182,-0.048006519675255,0.026603376492858,0.077166639268398,0.063974373042583,0.084740526974201,0.014984102919698,0.071289718151093,0.092657119035721,-0.11398788541555,-0.084263160824776,0.11593007296324,-0.078500770032406,0.044737946242094,-0.14843834936619,0.040324848145247,0.02194457501173,0.018130384385586,0.041761338710785,-0.19540631771088,-0.10130595415831,-0.09262066334486,0.038142152130604,0.053563047200441,0.017049726098776,0.092124409973621
-0.018728949129581,0.10156063735485,0.039254311472178,-0.15285941958427,0.006300444714725,0.16834419965744,-0.14944052696228,-0.045533120632172,-0.031146263703704,-0.031672108918428,0.001722096814774,-0.063680894672871,-0.10081878304482,-0.015516706742346,0.13112008571625,-0.023673929274082,-0.030849182978272,-0.043306183069944,0.15341408550739,-0.14088685810566,-0.042131520807743,0.27644723653793,0.01088350918144,0.078862868249416,0.05009151995182,0.0095783332362771,0.22229331731796,0.049290124326944,0.12155240029097,-0.001914382330142,0.09326309710741,-0.29030248522758,0.013739508576691,-0.049452785402536,0.10957423597574,0.089637145400047,-0.007192702498287,-0.20571877062321,0.032653301954269,0.13622534275055,-0.042379703372717,-0.0024443925358355,-0.020885713398457,0.12766766548157,-0.0061674234457314,0.090362131595612,0.053535513579845,0.072368323802948,-0.067868463695049,0.030325973406434,0.011435371823609,0.083220720291138,0.067401900887489,-0.086699821054935,-0.074358463287354,0.073956415057182,-0.016775874421,0.11997398734093,-0.058386504650116,0.029677243903279,-0.093509286642075,0.049321487545967,0.13015249371529,0.0035004036035389,0.012579231522977,-0.11243972182274,0.032604899257421,-0.055082842707634,-0.027625927701592,0.16870918869972,-0.000572539283894,0.0073020183481276,-0.079574607312679,-0.10390365123749,0.056022118777037,-0.02178743109107,-0.096649713814259,0.048534709960222,-0.003418812295422,0.058140024542809,0.14921489357948,0.064304307103157,0.061772383749485,0.070340223610401,0.026448989287019,-0.078093722462654,-0.04820778220892,-0.05664236843586,-0.10146195441484,0.13031497597694,0.051791865378618,0.038908116519451,-0.083581782877445,0.11216881871223,0.086750328540802,0.014751042239368,-0.020305272191763,0.04537545889616,-0.0046057966537774,-0.026125712320209,-0.002441520569846,0.072977602481842,-0.047244984656572,-0.15040522813797,-0.1115790605545,0.04315909743309,0.017171477898955,-0.16902694106102,-0.032869759947062,0.033984895795584,0.20138208568096,-0.023142931982875,0.072129800915718,0.019594827666879,-0.024592557922006,0.064553320407867,-0.012889848090708,0.010579532943666,-0.020372204482555,0.059733208268881,0.11315411329269,-0.15777085721493,-0.0053358650766313,-0.091766960918903,-0.054543253034353,0.071743130683899,0.058701850473881,0.042146828025579
0.057320814579725,0.11757661402225,-0.031921576708555,-0.10877849161625,-0.049878273159266,0.11702004820108,-0.087418451905251,-0.057401448488235,0.035209182649851,-0.06484055519104,0.13851578533649,-0.078713297843933,-0.052053354680538,0.071017898619175,0.055481687188148,0.02320840395987,-0.055471602827311,-0.091488867998123,0.021653288975358,-0.15492217242718,-0.011527891270816,0.21865646541119,0.032975167036057,-0.086490422487259,0.014512192457914,-0.0046758418902755,0.22044797241688,0.055657178163528,0.054078750312328,0.026304455474019,0.013732896186411,-0.1587610244751,0.021672347560525,-0.028063787147403,0.00017990304331761,0.099748283624649,-0.033138003200293,-0.066667072474957,0.061197612434626,0.23394474387169,-0.097504049539566,0.0059471419081092,-0.14213934540749,0.059502769261599,0.013086597435176,0.17257623374462,-0.046692088246346,-0.038966968655586,-0.078449226915836,-0.028606355190277,-0.0065019032917917,0.2390451580286,-0.057764295488596,0.0048914784565568,-0.15409405529499,0.030887460336089,0.0094723040238023,0.064699552953243,-0.11678934842348,0.16519778966904,-0.087545081973076,-0.068944118916988,0.13952113687992,-0.021212007850409,0.018886510282755,-0.14902816712856,0.047078464180231,0.12184578180313,0.052265081554651,0.22674672305584,0.09343957901001,-0.0055479239672422,-0.07051482796669,-0.12793384492397,0.061911791563034,0.02050499804318,-0.078705444931984,-0.015140265226364,-0.16542631387711,0.063804127275944,0.080018624663353,-0.020244548097253,0.032757025212049,0.039607595652342,-0.12413857132196,0.048893604427576,0.0077031971886754,-0.16244569420815,-0.16345842182636,0.050076391547918,0.0047529307194054,-0.10282472521067,-0.097280763089657,0.10856103897095,0.059114459902048,-0.015204405412078,-0.026129463687539,-0.08285167068243,0.10339307039976,0.047338757663965,-0.047774821519852,0.06198824942112,-0.069485157728195,-0.018046082928777,-0.015041234903038,0.0093516865745187,-0.015388602390885,0.0055831912904978,-0.039617922157049,-0.089592754840851,0.074470117688179,-0.045414440333843,0.00038524955743924,0.05028322711587,0.048157647252083,0.090953297913074,-0.053624112159014,0.025182129815221,0.082475528120995,0.07696171849966,0.06613889336586,-0.10590394586325,0.0023908419534564,0.047538332641125,0.14850342273712,0.017834594473243,0.085768766701221,0.066822223365307
0.13397672772408,-0.19539254903793,-0.14412900805473,-0.011522963643074,0.12158976495266,0.04935597255826,-0.012353496626019,0.12544168531895,0.039016395807266,-0.10863450169563,0.048403300344944,0.10268983244896,-0.011276808567345,-0.112867154181,-0.087851263582706,0.061772476881742,0.038879487663507,0.11188264936209,-0.085553534328938,0.14210759103298,0.085804119706154,0.068427823483944,0.022178014740348,0.13215236365795,-0.11942471563816,-0.0094418972730637,0.11671601235867,-0.13681311905384,-0.10308634489775,-0.041709218174219,-0.10617032647133,0.013677927665412,0.015742123126984,0.13291217386723,-0.040746580809355,0.042632166296244,0.075517654418945,-0.099905237555504,-0.10186461359262,-0.049140151590109,0.087538473308086,0.027863398194313,0.028402173891664,0.085033044219017,-0.073695592582226,-0.063656195998192,0.068609207868576,0.016113538295031,-0.041373956948519,0.1604241579771,-0.045779675245285,-0.21975286304951,-0.061418056488037,0.088893346488476,0.083053261041641,-0.010224030353129,-0.00015512517711613,-0.047417089343071,-0.030112914741039,0.0075750737451017,0.025558795779943,0.0069996831007302,0.075785927474499,-0.038353890180588,-0.05666309595108,-0.12894932925701,-0.063095055520535,0.014208037406206,0.11194732040167,0.0073434384539723,-0.081380881369114,-0.060697443783283,0.0020582894794643,-0.046312060207129,-0.055590275675058,-0.018090933561325,0.036753732711077,0.17353655397892,-0.06591023504734,-0.13419657945633,0.03324892744422,0.15793342888355,-0.10350496321917,-0.10480460524559,-0.015406446531415,0.19750501215458,0.023586347699165,0.035257887095213,-0.038749001920223,0.090936608612537,0.17657974362373,-0.047921940684319,-0.21963468194008,-0.053790576756001,0.064758464694023,0.13844399154186,-0.084935553371906,-0.026301244273782,-0.033880811184645,-0.023296713829041,0.022601239383221,-0.14121843874454,0.031414911150932,-0.037869483232498,0.022309834137559,-0.026270484551787,-0.094873063266277,-0.042191665619612,-0.21518957614899,0.027964638546109,0.0024752975441515,0.055739041417837,0.11982374638319,-0.05926176905632,-0.0033402722328901,-0.039819691330194,0.020880732685328,-0.17759840190411,-0.031199105083942,-0.024039989337325,0.039462734013796,0.089259997010231,0.11316339671612,0.10584820061922,-0.064210645854473,-0.071930967271328,-0.034461833536625,-0.065294459462166
0.11576616019011,-0.28541135787964,-0.045679241418839,-0.0067038470879197,0.11011558771133,0.028493780642748,-0.0058056334964931,0.13404475152493,0.066891618072987,-0.095594368875027,0.092907376587391,0.072321802377701,0.019857838749886,-0.068490780889988,-0.057725213468075,0.019399780780077,-0.0017782323993742,0.19324228167534,-0.077075198292732,0.10053557157516,0.14976441860199,0.07374132424593,0.015463302843273,0.1672521084547,-0.10505430400372,-0.059796962887049,0.089211352169514,-0.11177802830935,-0.087978608906269,-0.030678618699312,-0.087946318089962,-0.06495213508606,0.0038579676765949,0.10693641006947,0.019279509782791,0.034205593168736,0.01288647018373,-0.16806572675705,-0.071068592369556,-0.057844340801239,0.070913583040237,0.034808587282896,-0.04255785793066,0.074578151106834,-0.079647779464722,-0.17047519981861,-0.047910764813423,0.052249889820814,0.057236719876528,0.12104152143002,-0.067075684666634,-0.22591207921505,-0.042221538722515,0.074191682040691,0.013057219795883,0.001824137987569,0.026819175109267,-0.069338209927082,-0.063996240496635,0.060650687664747,0.060007035732269,0.009918381460011,0.034328304231167,0.050371989607811,-0.093083843588829,-0.12006113678217,-0.049545779824257,-0.0098561439663172,0.12789577245712,-0.00039598523289897,-0.072298020124435,-0.06315803527832,0.01721054688096,-0.10986611247063,-0.11397359520197,-0.045527510344982,0.033811789005995,0.12254613637924,-0.034269355237484,-0.090346463024616,0.055752012878656,0.099780060350895,-0.064566120505333,-0.075905673205853,-0.0033978468272835,0.20380970835686,0.05551628395915,0.041422944515944,-0.057046558707952,0.069554284214973,0.19176843762398,-0.0089502492919564,-0.16206960380077,-0.027383526787162,-0.0094340406358242,0.077617950737476,-0.19068774580956,-0.035532705485821,-0.035980466753244,0.0069776284508407,0.12127257883549,-0.12129391729832,0.037011668086052,-0.11154322326183,0.17075204849243,-0.034060787409544,-0.0021336856298149,-0.091917879879475,-0.1554010361433,0.057559732347727,-0.055552955716848,-0.011146441102028,0.12694302201271,-0.052430741488934,-0.015754440799356,0.033030785620213,0.08271811157465,-0.071691773831844,-0.083096124231815,-0.036705367267132,0.0083815939724445,0.0091487001627684,0.016528705134988,0.074931688606739,-0.11134239286184,-0.031440291553736,-0.044891111552715,0.0082536032423377
0.093542866408825,-0.24088227748871,-0.086546383798122,-0.020225020125508,0.11109697073698,0.039074026048183,-0.048101034015417,0.083583265542984,0.063519828021526,-0.084042079746723,0.098945342004299,0.095443926751614,0.0086011188104749,-0.078375607728958,-0.13306401669979,0.063500039279461,-0.018642511218786,0.21985469758511,-0.072852469980717,0.086134985089302,0.18552833795547,0.06538712978363,0.039612464606762,0.15194600820541,-0.098375461995602,-0.021551860496402,0.13246417045593,-0.13264852762222,-0.079795219004154,0.0044795037247241,-0.10920302569866,-0.08821339905262,0.026285232976079,0.078379720449448,0.038708448410034,0.015215181745589,-0.01404844969511,-0.13819506764412,-0.045001652091742,-0.060607757419348,0.0084070209413767,0.047780130058527,-0.033561896532774,0.10900319367647,-0.066613614559174,-0.1595821082592,-0.0029315387364477,0.028155833482742,0.0032104214187711,0.10395618528128,-0.042156476527452,-0.21641685068607,-0.040297817438841,0.069420725107193,0.010311440564692,0.011155722662807,0.057962063699961,-0.044371601194143,-0.070468991994858,0.023361418396235,0.078885339200497,-0.010905197821558,0.10545128583908,0.063300020992756,-0.057378895580769,-0.15410348773003,-0.089889854192734,0.025813734158874,0.12611791491508,0.033285420387983,-0.060214966535568,-0.062901332974434,0.0028752321377397,-0.15698173642159,-0.13079652190208,-0.03188794106245,0.0076901176944375,0.12306326627731,-0.063175588846207,-0.10010173171759,0.042999532073736,0.13525538146496,-0.065889909863472,-0.062574133276939,-0.053156238049269,0.18109613656998,0.042413808405399,0.036445923149586,-0.033297706395388,0.060633286833763,0.14745634794235,-0.026841169223189,-0.1822897195816,-0.0085131581872702,0.025403223931789,0.084713190793991,-0.19540430605412,0.0045662983320653,-0.035201225429773,0.00090759451268241,0.12897762656212,-0.12368772923946,0.0096362205222249,-0.10190515220165,0.16602715849876,-0.03810466453433,-0.0084065040573478,-0.095413073897362,-0.17027287185192,0.033269189298153,-0.042524047195911,-0.0052590360864997,0.14217500388622,-0.030733995139599,0.002317531965673,0.048943441361189,0.02310299128294,-0.070011883974075,-0.073724858462811,-0.042424365878105,0.00067094463156536,0.011264761909842,0.030177963897586,0.023448405787349,-0.10166788101196,0.0051512089557946,-0.044191598892212,0.00365234259516
0.090163104236126,-0.28988409042358,-0.024642638862133,0.033783610910177,0.11527289450169,-0.016072982922196,-0.0073042046278715,0.11318498104811,0.07434256374836,-0.12176594883204,0.093106985092163,0.12248937040567,0.0025283021386713,-0.072908855974674,-0.086760669946671,0.009233120828867,-0.043391920626163,0.1634473502636,-0.089754439890385,0.14028140902519,0.15732581913471,0.017779402434826,0.046746093779802,0.14401361346245,-0.084429532289505,-0.057512830942869,0.099445387721062,-0.12452386319637,-0.12482386082411,-0.026334647089243,-0.1176840737462,-0.063413880765438,0.05922632291913,0.12086133658886,-0.0089082764461637,0.031318131834269,-0.010385807603598,-0.12414367496967,-0.13559120893478,-0.087256826460361,0.093434810638428,0.0082303453236818,-0.039443172514439,0.074658207595348,-0.11387606710196,-0.12033177167177,-0.031593669205904,0.0080349901691079,0.040273062884808,0.12475306540728,-0.066628262400627,-0.21556483209133,-0.047528386116028,0.073952421545982,0.069859676063061,-0.0010508748237044,0.0063533093780279,-0.089472994208336,-0.088270045816898,0.080629482865334,0.069437153637409,-0.024854311719537,0.024683225899935,0.086231179535389,-0.026103563606739,-0.13038568198681,-0.095158278942108,0.0077213998883963,0.11237730830908,0.043047457933426,-0.063356332480907,-0.072229117155075,0.013261336833239,-0.12716002762318,-0.079475805163383,0.0056811035610735,0.036257803440094,0.12197253853083,-0.050576098263264,-0.077843405306339,-0.014096667058766,0.065365768969059,-0.062167085707188,-0.062792174518108,-0.038542360067368,0.18762081861496,0.074746355414391,0.06789331138134,-0.075991615653038,0.081859193742275,0.16917154192924,-0.034779250621796,-0.16285701096058,-0.029914287850261,-0.050062969326973,0.066805116832256,-0.18915614485741,-0.052549477666616,0.015793481841683,-0.01801697909832,0.11287216097116,-0.11757153272629,0.039076291024685,-0.12522119283676,0.18646642565727,-0.039574477821589,-0.010819274000823,-0.028287891298532,-0.15180164575577,0.0098823020234704,-0.075590789318085,0.00013650840264745,0.10376545786858,-0.064386382699013,0.0084889754652977,0.035378608852625,0.065964706242085,-0.077854037284851,-0.050687659531832,0.026496050879359,-0.00077277526725084,0.048973090946674,-0.031073689460754,0.086232706904411,-0.051818799227476,0.0055253067985177,0.010404526256025,0.018797554075718
0.064675606787205,-0.21794056892395,-0.054353084415197,-0.054990377277136,0.12654711306095,0.020917778834701,-0.045784208923578,0.12517513334751,0.12813872098923,-0.13862118124962,0.037573516368866,0.045313708484173,0.0016111452132463,-0.044443123042583,-0.089479058980942,0.018283482640982,0.00020657676213887,0.2014662027359,-0.09855854511261,0.03864361345768,0.21483713388443,0.057666197419167,0.056018769741058,0.17143513262272,-0.044229950755835,-0.11624917387962,0.13150492310524,-0.1134417578578,-0.070759989321232,-0.0053701298311353,-0.020916365087032,-0.14623554050922,0.06561902910471,0.074746549129486,0.054796051234007,0.0018846186576411,0.0045865061692894,-0.12225951999426,-0.094279997050762,-0.088155023753643,0.025583704933524,0.073744595050812,-0.016209190711379,0.1180187612772,-0.043648794293404,-0.13301263749599,-0.036300305277109,0.033864751458168,0.02166130207479,0.080893225967884,-0.10634093731642,-0.22370460629463,0.039230678230524,0.026352975517511,-0.011373815126717,0.040800951421261,0.040271650999784,-0.019616154953837,-0.072180077433586,-0.05730639025569,0.061901453882456,0.013169738464057,0.056489024311304,0.072717025876045,-0.088194452226162,-0.11334438621998,-0.095746777951717,0.048063389956951,0.099317125976086,0.021599708124995,-0.037820223718882,-0.092224009335041,-0.033686090260744,-0.24458947777748,-0.10921811312437,0.017042065039277,-0.014922826550901,0.095314867794514,-0.035807602107525,-0.074808806180954,-0.011124335229397,0.15003623068333,-0.065545380115509,-0.041166722774506,-0.012861583381891,0.16568274796009,0.02390580624342,0.058555997908115,-0.046645369380713,0.063357047736645,0.1577774733305,-0.042962305247784,-0.16227480769157,-0.037690911442041,0.038437739014626,0.086154147982597,-0.2124330997467,0.031574189662933,-0.062447570264339,-0.0046019521541893,0.13850280642509,-0.14767582714558,0.022319888696074,-0.10430466383696,0.10442113131285,-0.05396294593811,-0.041446357965469,-0.12468673288822,-0.14715498685837,0.00088132621021941,-0.011913432739675,-0.017288058996201,0.081152200698853,-0.022412326186895,0.0074109891429543,0.084791868925095,-0.022003931924701,-0.076194055378437,-0.057262226939201,-0.0012561783660203,0.01059502363205,0.040952123701572,-0.042054567486048,0.036515779793262,-0.105184674263,-0.019797492772341,-0.050376020371914,-0.01491594966501
0.10602684319019,-0.29296883940697,-0.029664793983102,-0.0288080945611,0.10045099258423,0.035267595201731,-0.023689955472946,0.14178618788719,0.054219681769609,-0.1266496181488,0.060570925474167,0.056688625365496,-0.0022524904925376,-0.077538900077343,-0.048595819622278,0.016728390008211,-0.0326865054667,0.1663216650486,-0.06165861338377,0.078495562076569,0.15238736569881,0.09490180760622,0.020435702055693,0.12316113710403,-0.10202422738075,-0.033444136381149,0.10191889107227,-0.12562690675259,-0.10516016930342,-0.057035401463509,-0.081054024398327,-0.10026222467422,0.0058649843558669,0.096381030976772,0.057472590357065,0.033993240445852,0.025449452921748,-0.15714645385742,-0.061521466821432,-0.076926283538342,0.071168154478073,0.041428223252296,-0.031797681003809,0.093020930886269,-0.075077705085278,-0.13693821430206,-0.031662441790104,0.037963505834341,0.027159173041582,0.11574444174767,-0.095747761428356,-0.24501541256905,-0.014399016276002,0.090742520987988,0.023964451625943,-0.012378019280732,0.033475823700428,-0.072040401399136,-0.075983695685863,0.023405343294144,0.077138237655163,0.014777453616261,0.039840213954449,0.073344998061657,-0.073404893279076,-0.11577837914228,-0.053826324641705,0.0066691134124994,0.1573810428381,-0.00047889744746499,-0.066288076341152,-0.07548762857914,0.021091034635901,-0.13697364926338,-0.11004412174225,-0.042643085122108,-0.0029819577466697,0.10662018507719,-0.020121533423662,-0.078117087483406,0.064236156642437,0.10965321213007,-0.068213514983654,-0.078424595296383,-0.011277285404503,0.17927955091,0.0548349134624,0.061621967703104,-0.061824876815081,0.078209139406681,0.2078905403614,-0.00038738068542443,-0.17040666937828,-0.036758065223694,-0.021926302462816,0.092718698084354,-0.16623564064503,-0.015876807272434,-0.043460708111525,0.0070348093286157,0.10684803128242,-0.12206147611141,0.029590090736747,-0.14331477880478,0.15837796032429,-0.043245200067759,-0.0066754766739905,-0.088342323899269,-0.17289930582047,0.055993814021349,-0.032108958810568,-0.021985879167914,0.11297044157982,-0.062857933342457,0.00022808783978689,0.040459752082825,0.056837562471628,-0.085159033536911,-0.088467307388783,-0.063237607479095,0.016236528754234,0.01519968546927,0.043590094894171,0.057119086384773,-0.083907581865788,-0.046465713530779,-0.021527145057917,0.0059777805581689
0.11717905849218,-0.29415303468704,-0.072278007864952,0.019179489463568,0.10851216316223,0.024373650550842,-0.025392411276698,0.11718558520079,0.054917573928833,-0.095986731350422,0.062301695346832,0.11988043040037,-0.018243119120598,-0.055085565894842,-0.08636861294508,-0.013821377418935,0.036368511617184,0.18470953404903,-0.015901288017631,0.11970891058445,0.11340421438217,0.067526936531067,0.044665206223726,0.19766601920128,-0.10261702537537,-0.032483533024788,0.15439726412296,-0.1242536380887,-0.12819340825081,-0.031941182911396,-0.11302372068167,-0.10866940021515,0.048151716589928,0.091999538242817,0.02309693582356,0.032187543809414,0.013659700751305,-0.12585856020451,-0.14057938754559,-0.09326808154583,0.047453302890062,0.060120422393084,-0.053061474114656,0.094519376754761,-0.11625296622515,-0.12277413904667,-0.023713462054729,0.027635442093015,0.041406702250242,0.14127634465694,-0.025280360132456,-0.21246157586575,-0.0041591762565076,0.057570181787014,0.082159414887428,0.006117423530668,0.026276642456651,-0.045996129512787,-0.040168162435293,0.021139150485396,0.062374826520681,-0.0037055942229927,0.058177527040243,0.027694275602698,-0.039999078959227,-0.14504016935825,-0.06967356801033,0.0044028349220753,0.1023800894618,0.056669816374779,-0.065964803099632,-0.076818712055683,0.0074465391226113,-0.12929067015648,-0.12054699659348,-0.010383343324065,0.033887427300215,0.1397280395031,-0.016074888408184,-0.10464041680098,-0.0053120870143175,0.11395559459925,-0.072944395244122,-0.1107067912817,0.02008936740458,0.10532785207033,0.04462593048811,0.066959321498871,-0.032672122120857,0.088841266930103,0.15669852495193,0.00068468600511551,-0.14433631300926,-0.028164220973849,0.027169045060873,0.078186489641666,-0.12436154484749,-0.037153769284487,-0.01958841457963,-0.027898328378797,0.12400336563587,-0.077885836362839,0.038494568318129,-0.15031372010708,0.11224033683538,-0.053617335855961,-0.01420552097261,-0.15432851016521,-0.18010061979294,0.051260974258184,-0.0055109900422394,0.019606983289123,0.16789452731609,-0.063846997916698,-0.0013070412678644,0.020238993689418,0.062632977962494,-0.12899594008923,-0.074138291180134,-0.024075215682387,-0.00014799884229433,0.015699747949839,0.015146168880165,0.036321930587292,-0.066721558570862,-0.0010852831183001,0.0053676520474255,-0.015367262996733
0.13619361817837,-0.25409665703773,-0.058917183429003,0.0037454543635249,0.12401504814625,0.079798839986324,-0.026302352547646,0.1583080291748,0.13137216866016,-0.17558300495148,0.061172537505627,0.086188964545727,-0.0257414188236,-0.13331067562103,-0.047584351152182,0.028598852455616,0.0018832464702427,0.079658843576908,-0.097383663058281,0.088440611958504,0.1631453037262,0.096463397145271,0.058501366525888,0.10634338110685,-0.070557914674282,-0.082450464367867,0.11548418551683,-0.16718009114265,-0.12150664627552,-0.059605557471514,-0.014408788643777,-0.069642253220081,0.07243525236845,0.14363014698029,0.0087686013430357,0.032792866230011,0.05435886234045,-0.1084401011467,-0.11374628543854,-0.081495746970177,0.09833637624979,0.011389545165002,-0.04377344623208,0.067710392177105,-0.070480406284332,-0.10361494123936,-0.042405731976032,0.0006442092708312,0.017464928328991,0.14157553017139,-0.086134798824787,-0.18805076181889,0.008123385719955,0.057805068790913,0.038099277764559,-0.0093907965347171,0.0084910793229938,-0.086743488907814,-0.11447527259588,0.021668935194612,0.0093283364549279,-0.034122668206692,0.038034871220589,-0.026995442807674,-0.023085311055183,-0.1499362885952,-0.068503439426422,0.052939865738153,0.099324353039265,0.047397214919329,-0.0621717274189,-0.08418595045805,-0.055104169994593,-0.16566301882267,-0.086559593677521,0.0091380886733532,0.028247987851501,0.10958009958267,-0.070199638605118,-0.014494626782835,-0.01828021556139,0.084262989461422,-0.045417003333569,-0.052138775587082,0.019518189132214,0.15557599067688,0.061376050114632,0.058682549744844,-0.091999016702175,0.097164377570152,0.18175254762173,-0.067764699459076,-0.22201137244701,0.022260734811425,0.0019875394646078,0.10770104825497,-0.12469573318958,-0.058819882571697,-0.059222564101219,0.0057589053176343,0.098087809979916,-0.13504922389984,-0.016384115442634,-0.10739179700613,0.10594671964645,-0.055165864527225,-0.023466609418392,-0.081388808786869,-0.17077523469925,0.010449098423123,-0.047745235264301,0.0028098816983402,0.083061687648296,-0.060270819813013,0.062527760863304,0.030892007052898,-0.0025327529292554,-0.11354388296604,-0.034018393605947,0.054223831743002,0.041260223835707,0.078317560255527,0.037474285811186,0.10498660802841,0.026193866506219,-0.056265451014042,0.065444394946098,-0.008519921451807
0.046947598457336,-0.21666432917118,-0.093401305377483,-0.049935683608055,0.10156199336052,-0.016191054135561,-0.04822738841176,0.11351882666349,0.037112671881914,-0.048008918762207,0.047260794788599,0.045927599072456,0.058413941413164,-0.013080019503832,-0.10671809315681,0.077194213867188,-0.011808195151389,0.18027526140213,-0.062654934823513,0.11939514428377,0.15783508121967,-0.011973918415606,0.04830028116703,0.15644513070583,-0.1019047871232,-0.062801457941532,0.11374259740114,-0.085464648902416,-0.055291451513767,0.010757158510387,-0.13071702420712,-0.066343382000923,0.045383017510176,0.072029411792755,-0.0092605771496892,0.036125492304564,0.01696752756834,-0.13658182322979,-0.098653994500637,-0.075847074389458,0.0055525796487927,0.0029784450307488,0.042217519134283,0.073558025062084,-0.042463146150112,-0.10651040822268,0.026270993053913,0.065021805465221,0.0049763354472816,0.11359847337008,-0.070750661194324,-0.24838557839394,-0.030905500054359,0.075291760265827,0.042228102684021,0.024127528071404,0.057026255875826,-0.075300663709641,-0.016376294195652,0.0013699722476304,0.090645916759968,0.036089397966862,0.032726403325796,0.07534035295248,-0.083150006830692,-0.078474186360836,-0.11621544510126,0.010835005901754,0.12190210074186,-0.037674449384212,-0.099067270755768,-0.074130311608315,-0.015620915219188,-0.14975561201572,-0.057457387447357,0.010369985364377,0.060169633477926,0.15679278969765,-0.016440313309431,-0.13930009305477,0.057056743651628,0.084332413971424,-0.099544025957584,-0.043246690183878,-0.048040848225355,0.25028944015503,-0.0073097893036902,0.058014664798975,0.0021508559584618,0.081104338169098,0.14471764862537,-0.014439044520259,-0.15549783408642,-0.035803664475679,0.0048608677461743,0.11214065551758,-0.21472588181496,0.059410128742456,-0.0018905685283244,-0.01991575025022,0.13813549280167,-0.15023982524872,0.039530970156193,-0.086997784674168,0.13980259001255,-0.01511668227613,-0.062355596572161,-0.057205457240343,-0.16721278429031,0.017721306532621,-0.079499997198582,0.0029453481547534,0.1371386796236,-0.053507220000029,-0.051317732781172,0.055741179734468,0.06090135499835,-0.043560594320297,-0.083051696419716,-0.019334618002176,-0.019895935431123,0.0060030198656023,0.022219859063625,0.047322489321232,-0.18500207364559,0.010944244451821,-0.10833869874477,-0.0089476136490703
0.10054025053978,-0.26664194464684,-0.067100696265697,0.010285053402185,0.1296630948782,0.053846340626478,-0.04376608133316,0.10763495415449,0.10923915356398,-0.10975269973278,0.092353254556656,0.096545569598675,-0.0022159866057336,-0.08267667144537,-0.051194898784161,0.018096324056387,0.023492889478803,0.18665243685246,-0.068061210215092,0.089700780808926,0.14363299310207,0.086120672523975,0.070879235863686,0.20197562873363,-0.064347319304943,-0.088423356413841,0.13959649205208,-0.1423777192831,-0.099465392529964,-0.031934067606926,-0.02323024533689,-0.09741535782814,0.055844254791737,0.10257282108068,0.010663635097444,0.044638812541962,0.0057968245819211,-0.16137088835239,-0.10580341517925,-0.038220830261707,0.076415479183197,0.043292421847582,-0.07428552955389,0.09448529034853,-0.10774607956409,-0.15874098241329,-0.044390566647053,0.040231969207525,0.075339406728745,0.12281467020512,-0.040664508938789,-0.20978744328022,-0.006156855262816,0.024167222902179,-0.0028973224107176,0.021212985739112,0.035660609602928,-0.049587968736887,-0.0549096763134,0.051969174295664,0.010540882125497,-0.011026195250452,0.038152076303959,0.018269499763846,-0.065466344356537,-0.16272814571857,-0.05635118111968,0.020685033872724,0.096739813685417,0.054418377578259,-0.062012404203415,-0.051324229687452,-0.015305543318391,-0.16384337842464,-0.10154819488525,-0.017614273354411,0.0061161038465798,0.13238228857517,-0.06460702419281,-0.046723745763302,0.0058220089413226,0.1116756349802,-0.046747121959925,-0.05809011310339,0.0049155810847878,0.16829697787762,0.062264278531075,0.037525363266468,-0.099901206791401,0.047189556062222,0.14678899943829,-0.013228259049356,-0.1621568351984,-0.011475384235382,0.014086067676544,0.06661756336689,-0.19311182200909,-0.032464351505041,-0.049409326165915,-0.012124811299145,0.11797362565994,-0.12865571677685,0.024709800258279,-0.10955272614956,0.15086254477501,-0.05396319553256,-0.013972690328956,-0.12668132781982,-0.14672319591045,0.046557065099478,-0.046205505728722,0.007524888496846,0.14336961507797,-0.043407421559095,-0.01512598618865,0.042714659124613,0.025928612798452,-0.085663855075836,-0.071844786405563,0.031995214521885,0.022726444527507,0.024119146168232,-0.039472453296185,0.064696185290813,-0.088869743049145,-0.011353266425431,-0.035671252757311,0.025037169456482
0.08856937289238,-0.21214018762112,-0.068369768559933,-0.0089505892246962,0.11224818974733,0.0077947517856956,-0.0079962909221649,0.16043210029602,0.1082656159997,-0.092779852449894,0.076839253306389,0.048930156975985,0.027472389861941,-0.1178747266531,-0.066442415118217,0.026440389454365,-0.0086741773411632,0.15686547756195,-0.095031656324863,0.147411480546,0.1571918874979,0.019549624994397,0.047734998166561,0.12122067064047,-0.099946096539497,-0.13102570176125,0.058421660214663,-0.11947277188301,-0.075977116823196,-0.028236182406545,-0.062409196048975,-0.096705190837383,0.060578197240829,0.10436404496431,0.025811789557338,0.02629634924233,0.06092257425189,-0.13033087551594,-0.11098629981279,-0.09216171503067,0.051486048847437,-0.0015197513857856,-0.0017249976517633,0.067871630191803,-0.074470482766628,-0.14068500697613,-0.026811534538865,0.061647664755583,0.05024204030633,0.17513416707516,-0.11337900906801,-0.213174238801,-0.055263124406338,0.069514460861683,0.017290517687798,-0.013339163735509,0.0097966957837343,-0.13706262409687,-0.096677958965302,0.038984160870314,0.041981767863035,-0.011465290561318,0.02292251214385,0.0090841995552182,-0.061823934316635,-0.15120966732502,-0.076550155878067,-0.022679207846522,0.089781381189823,-0.037772744894028,-0.066588401794434,-0.066744387149811,-0.021870695054531,-0.11552827805281,-0.091236881911755,-0.0090444637462497,0.062799453735352,0.16219215095043,-0.01362634357065,-0.070811994373798,0.004963219165802,0.054203633219004,-0.087192639708519,-0.0021455574315041,0.019079849123955,0.23643885552883,0.00078146014129743,0.063213594257832,-0.0054517830722034,0.074633292853832,0.17332322895527,-0.043320279568434,-0.17267985641956,-0.029475534334779,0.0016463447827846,0.04512681812048,-0.19204734265804,-0.0080478666350245,-0.08101611584425,-0.0049832803197205,0.11446861922741,-0.14067430794239,0.020043574273586,-0.12556473910809,0.16842253506184,-0.012704916298389,0.019653724506497,-0.047513853758574,-0.11640941351652,0.071627721190453,-0.10275372117758,-0.034605197608471,0.11185903847218,-0.033863388001919,-0.024214034900069,0.03270011767745,0.093824781477451,-0.055292163044214,-0.064960047602654,0.025144098326564,-0.020934609696269,0.049969810992479,0.0036117427516729,0.12754887342453,-0.088314935564995,-0.054909583181143,-0.015643581748009,0.0038503285031766
0.083824127912521,-0.20772661268711,-0.032969228923321,-0.0092546688392758,0.088270105421543,0.0039396462962031,-0.027213387191296,0.11683993786573,0.10210461169481,-0.15253686904907,0.060247369110584,0.052725434303284,-0.018036207184196,-0.11529860645533,-0.13538932800293,0.02980032749474,-0.019539393484592,0.1983560025692,-0.096681490540504,0.089408934116364,0.21882155537605,0.058423310518265,0.01371840108186,0.17537125945091,-0.076027765870094,-0.048704981803894,0.099309489130974,-0.14453096687794,-0.038534209132195,-0.014793489128351,-0.075820542871952,-0.11356034129858,0.03786313906312,0.078493572771549,0.07113966345787,-0.029808463528752,0.034133244305849,-0.068125195801258,-0.073749355971813,-0.11085256934166,0.035656295716763,0.065759927034378,-0.0046686609275639,0.12144564092159,-0.041170552372932,-0.15036195516586,0.024504201486707,-0.001154649304226,-0.015375821851194,0.090362466871738,-0.1100902557373,-0.21915139257908,0.019310617819428,0.076203778386116,0.035403151065111,0.0024134328123182,0.05356615409255,-0.05944512784481,-0.073608212172985,-0.085807487368584,0.084472849965096,-0.0056694224476814,0.08725380897522,0.078754812479019,-0.086672022938728,-0.1112592741847,-0.05418012291193,-0.03312973678112,0.13324211537838,-0.011595486663282,-0.073713384568691,-0.10919324308634,0.0047015696763992,-0.13418865203857,-0.095418937504292,-0.055315084755421,-0.017786923795938,0.13094094395638,-0.02251366712153,-0.088789567351341,0.016617119312286,0.18879352509975,-0.087708406150341,-0.089444741606712,0.030807115137577,0.1686724871397,0.011625765822828,0.071125082671642,-0.028095172718167,0.060164488852024,0.20067907869816,-0.03052819147706,-0.17996530234814,-0.056102577596903,0.037412527948618,0.071712836623192,-0.16825625300407,0.033553898334503,-0.046357546001673,-0.012946456670761,0.10369455814362,-0.14351317286491,0.036125563085079,-0.08748222887516,0.10543541610241,-0.045994013547897,0.019761500880122,-0.078544139862061,-0.13415065407753,0.012410241179168,-0.0098156640306115,0.0098352311179042,0.076698504388332,-0.04164669290185,0.016531402245164,0.040393274277449,-0.0081544490531087,-0.12883201241493,-0.062710873782635,-0.07631004601717,-0.012909097597003,0.084647297859192,0.018807511776686,0.037904236465693,-0.099821045994759,-0.026442000642419,-0.017802149057388,-0.033107925206423
0.11400497704744,-0.23707936704159,-0.087175451219082,-0.0019384090555832,0.092465549707413,0.019712751731277,-0.027462311089039,0.13096059858799,0.082541733980179,-0.10094025731087,0.08000560104847,0.078301221132278,0.0030619543977082,-0.089424282312393,-0.10744532942772,0.042008299380541,0.019289838150144,0.18185161054134,-0.061408862471581,0.11760281026363,0.1609521061182,0.056552585214376,0.039358511567116,0.15495710074902,-0.11084244400263,-0.054487437009811,0.12236435711384,-0.13288067281246,-0.085521891713142,-0.0069142542779446,-0.11967645585537,-0.063534803688526,0.072379715740681,0.11781233549118,0.013684810139239,-0.00023931497707963,0.066366605460644,-0.099338725209236,-0.086571387946606,-0.086252741515636,0.026819312945008,0.023053141310811,0.0031999563798308,0.056886844336987,-0.064571179449558,-0.15205025672913,0.005066201556474,0.01284113433212,0.015745917335153,0.14757539331913,-0.054973311722279,-0.21464011073112,-0.0085139637812972,0.10614621639252,0.049881361424923,0.0074875429272652,0.070725381374359,-0.10978227108717,-0.070326335728168,-0.0007587200962007,0.062101777642965,-0.013374839909375,0.051010839641094,0.010414591059089,-0.070890337228775,-0.1140106767416,-0.072338573634624,-0.014059755951166,0.11296194791794,-0.0032905885018408,-0.09948007017374,-0.10921336710453,-0.027431447058916,-0.10839039087296,-0.085178881883621,-0.02601695805788,0.058664996176958,0.13246190547943,-0.040981285274029,-0.11277537792921,0.01276873704046,0.12502266466618,-0.080440528690815,-0.074391677975655,0.0275869499892,0.20640707015991,0.0074788839556277,0.048049967736006,-0.011607734486461,0.093706183135509,0.17371459305286,-0.046794883906841,-0.18211407959461,-0.016583601012826,0.03306570649147,0.095299690961838,-0.1709205955267,0.013112219050527,-0.030028214678168,-0.0037372505757958,0.12405749410391,-0.12898136675358,0.032318402081728,-0.084114976227283,0.1436619758606,-0.046003557741642,0.0010691926581785,-0.099734462797642,-0.17614322900772,0.027854999527335,-0.065752781927586,0.0063869962468743,0.13901726901531,-0.056690588593483,0.00074921804480255,0.021539244800806,0.065523147583008,-0.11282213777304,-0.054955888539553,-0.032728467136621,0.0087574627250433,0.046864207834005,0.054210368543863,0.059858076274395,-0.078873157501221,-0.031117398291826,0.00062296766554937,-0.015290060080588
0.10375086218119,-0.27775436639786,-0.080566950142384,-0.0023074115160853,0.14714159071445,-0.0025176601484418,-0.0057416218332946,0.12719534337521,0.069150872528553,-0.12009589374065,0.026356851682067,0.079446047544479,-0.017782231792808,-0.039925843477249,-0.077124089002609,0.0092387869954109,0.054406978189945,0.18436673283577,-0.0143160559237,0.074525378644466,0.18072673678398,0.051809906959534,0.0087429992854595,0.19699960947037,-0.012315573170781,-0.060431513935328,0.14295069873333,-0.1186737716198,-0.070726320147514,0.0092729358002543,-0.061168674379587,-0.11385625600815,0.030846990644932,0.063065692782402,0.048278454691172,-0.011659016832709,0.011045856401324,-0.15541788935661,-0.088080860674381,-0.14281244575977,0.063506737351418,0.085230194032192,0.023653648793697,0.1384619474411,-0.064898028969765,-0.13156126439571,-0.016856836155057,0.022496547549963,0.057590454816818,0.049867305904627,-0.065476626157761,-0.24905304610729,0.052736904472113,0.016256585717201,0.057676091790199,0.02543899603188,0.00014208447828423,-0.0056679765693843,-0.033874560147524,-0.047992344945669,0.089045695960522,-0.014544288627803,0.045505728572607,0.071267329156399,-0.082257404923439,-0.091495729982853,-0.090016476809978,0.0013696497771889,0.12722590565681,-0.028719656169415,-0.06727772206068,-0.061610598117113,-0.016709959134459,-0.21930688619614,-0.13048747181892,0.0020589786581695,0.028237298130989,0.13151831924915,-0.016446612775326,-0.076159410178661,0.0089032081887126,0.15474328398705,-0.059942916035652,-0.087403953075409,0.048354540020227,0.10276886075735,0.031370356678963,0.085129782557487,-0.027349136769772,0.051435995846987,0.15763866901398,0.016580520197749,-0.19023516774178,-0.039311531931162,0.028313517570496,0.090722888708115,-0.14251592755318,-0.001910007908009,-0.039511796087027,-0.036908995360136,0.1105492785573,-0.1267246901989,0.071185871958733,-0.1233344450593,0.037200789898634,-0.054454922676086,-0.028674243018031,-0.12853726744652,-0.15846790373325,0.027361374348402,0.022587513551116,-0.013850922696292,0.088538683950901,-0.049036476761103,0.010080717504025,0.03835804015398,0.0045467275194824,-0.10759688913822,-0.097714230418205,-0.045657202601433,-0.011240346357226,0.056455165147781,-0.0085155451670289,0.026534548029304,-0.11353581398726,-0.015052899718285,-0.041389524936676,-0.039935946464539
0.026732658967376,-0.20645435154438,-0.096466273069382,-0.016748618334532,0.17071276903152,0.0066181821748614,0.01373291388154,0.12961211800575,0.0027179650496691,-0.069986946880817,0.0091756684705615,0.1396795809269,-0.023849237710238,-0.06737457215786,-0.081151150166988,-0.029199380427599,-0.011283056810498,0.16970300674438,-0.040396604686975,0.055346801877022,0.06679630279541,0.016858926042914,0.028436299413443,0.10111582279205,-0.022701403126121,-0.092844620347023,0.11883372813463,-0.06984043866396,-0.11442641913891,-0.03993945941329,-0.071937792003155,-0.11496192961931,0.0092898812144995,0.017901219427586,-0.038197714835405,0.0012285568518564,-0.081557527184486,-0.26623666286469,-0.1496107429266,-0.0071709984913468,0.16053485870361,0.050652340054512,0.011424303986132,0.18450416624546,-0.16748481988907,-0.039426803588867,-0.0051642521284521,-0.010801045224071,0.034221783280373,0.059557262808084,-0.0097012091428041,-0.19944509863853,-0.085807099938393,-0.023829590529203,-0.01690455712378,0.025680826976895,-0.02620262093842,-0.0058761294931173,0.00062661344418302,0.12089506536722,0.065388135612011,0.02001379430294,-0.012611516751349,0.10777115821838,-0.026062771677971,-0.20585238933563,-0.11589603126049,0.011032726615667,0.10957300662994,0.045525271445513,0.015383130870759,0.021744564175606,0.064960055053234,-0.17391838133335,-0.084824040532112,0.10196568071842,-0.040801171213388,0.15882322192192,-0.080359645187855,-0.10572759062052,-0.05492827668786,0.082473456859589,-0.010350286960602,0.047705933451653,-0.073525093495846,0.1793455183506,0.1052134335041,0.032933413982391,-0.11908888816833,-0.0093017360195518,0.04093461856246,0.018690539523959,-0.18706159293652,-0.1124953776598,-0.00025901210028678,0.028020078316331,-0.11934839934111,-0.048587806522846,-0.060996670275927,-0.028060402721167,0.011656239628792,-0.093627780675888,0.1139981970191,-0.089332848787308,0.067022241652012,-0.056271277368069,-0.082961149513721,0.046117376536131,-0.20112957060337,0.041542042046785,0.017750727012753,-0.062736839056015,0.10416602343321,-0.052183177322149,-0.090266764163971,-0.013439934700727,0.0069862217642367,-0.061833124607801,-0.024411350488663,0.038159810006618,-0.0056226057931781,0.020960684865713,-0.11152599006891,0.030234636738896,-0.077903531491756,-0.027523351833224,-0.12654858827591,0.026040215045214
0.07076558470726,-0.18996851146221,-0.054540671408176,0.025669487193227,0.055907633155584,-0.0036902350839227,-0.016814595088363,0.12900039553642,0.10011254996061,-0.079592548310757,0.079025372862816,0.048575453460217,0.016581356525421,-0.15249221026897,-0.093786999583244,0.029357369989157,-0.043395299464464,0.16786839067936,-0.071352489292622,0.14380574226379,0.15268428623676,0.030839486047626,0.027187310159206,0.15200677514076,-0.12025219202042,-0.0734833329916,0.066731192171574,-0.16627244651318,-0.067698925733566,-0.00031682912958786,-0.10633046925068,-0.080446153879166,0.066980682313442,0.09668243676424,0.052681230008602,0.00044395361328498,0.082237377762794,-0.087873063981533,-0.11749454587698,-0.096345610916615,0.040820263326168,-0.022850066423416,-0.0028359405696392,0.090524904429913,-0.082431271672249,-0.13476011157036,0.036360446363688,0.031575825065374,0.027443176135421,0.15511900186539,-0.064910277724266,-0.20843648910522,-0.022986281663179,0.098967090249062,0.071197777986526,-0.0054505234584212,0.057744216173887,-0.17093266546726,-0.047640804201365,-0.017551887780428,0.054649367928505,-0.039763651788235,0.022731466218829,0.034391559660435,-0.056266847997904,-0.15370720624924,-0.038340244442225,-0.076196551322937,0.12436803430319,-0.042394153773785,-0.10519482195377,-0.096512608230114,-0.0038602254353464,-0.086836881935596,-0.069931857287884,-0.043350834399462,0.023323655128479,0.18401837348938,-0.010237013921142,-0.065234400331974,0.032443184405565,0.089898496866226,-0.10418998450041,-0.041886575520039,0.048000890761614,0.22252735495567,-0.00011657704453683,0.054499294608831,-0.0073661860078573,0.084696777164936,0.15677639842033,-0.025047140195966,-0.1662028580904,-0.060763161629438,-0.037680137902498,0.047115698456764,-0.17029939591885,0.016636949032545,-0.016379470005631,-0.022234581410885,0.12519410252571,-0.10970821976662,0.053601030260324,-0.1144512668252,0.16108629107475,-0.052173063158989,0.034616768360138,-0.039546713232994,-0.12929527461529,0.084763497114182,-0.086277551949024,-0.0072273160330951,0.10179905593395,-0.088844120502472,-0.038827773183584,0.02755669131875,0.082595959305763,-0.11384389549494,-0.08224806189537,-0.041123405098915,-0.0059941741637886,0.063785471022129,0.037819720804691,0.095552764832973,-0.08589531481266,-0.038399379700422,0.0053909416310489,0.007752588018775
0.090820387005806,-0.24378430843353,-0.027795070782304,-0.0097677111625671,0.08376482129097,-0.014624197036028,-0.032968737185001,0.12785382568836,0.13129213452339,-0.15406863391399,0.087524019181728,0.058910958468914,-0.0042513180524111,-0.092364139854908,-0.1200951859355,0.0056389612145722,-0.042558003216982,0.17949298024178,-0.12187341600657,0.1125049367547,0.18388903141022,0.072226285934448,0.032342359423637,0.1326699256897,-0.10535308718681,-0.06597388535738,0.10781825333834,-0.10767961293459,-0.085485376417637,-0.031733211129904,-0.089401639997959,-0.12464458495378,0.067407555878162,0.086417019367218,0.049182340502739,0.00024759391089901,0.017236853018403,-0.076484091579914,-0.11498444527388,-0.094934821128845,0.038550619035959,0.047045018523932,-0.05032542347908,0.10552132129669,-0.069718532264233,-0.14396773278713,-0.045811247080564,0.023509817197919,0.034743886440992,0.13153594732285,-0.11548712104559,-0.18784722685814,-0.0085741989314556,0.085844330489635,0.024271806702018,-0.018287196755409,0.028018547222018,-0.1086452677846,-0.093395784497261,-0.023588819429278,0.066981621086597,-0.024349115788937,0.058249246329069,0.11051505804062,-0.098113812506199,-0.13570663332939,-0.055177755653858,0.0053298939019442,0.14262126386166,0.0010972121963277,-0.043794367462397,-0.12560141086578,0.028362711891532,-0.14599232375622,-0.095971710979939,-0.032647911459208,-0.012681339867413,0.095416396856308,-0.035159770399332,-0.063672974705696,0.029934529215097,0.12174092233181,-0.079190619289875,-0.066254049539566,0.019761996343732,0.18477867543697,0.027094043791294,0.071836210787296,-0.032293640077114,0.079963870346546,0.18578699231148,-0.042958289384842,-0.16832353174686,-0.038122642785311,-0.0081249922513962,0.046083364635706,-0.19145438075066,-0.018281798809767,-0.032508745789528,-0.022783348336816,0.13047312200069,-0.11977551877499,0.042797341942787,-0.13958412408829,0.15271498262882,-0.049978520721197,0.022649515420198,-0.071865811944008,-0.12300980836153,0.028257019817829,-0.026119014248252,-0.0084179313853383,0.083609446883202,-0.028129467740655,-0.00092513696290553,0.044579096138477,0.027428893372416,-0.088536009192467,-0.056182689964771,-0.050208661705256,-0.012606363743544,0.060752600431442,0.0028348881751299,0.06648463010788,-0.055334955453873,-0.04001322388649,0.018634816631675,0.0060197738930583
0.12123738229275,-0.18186448514462,-0.10837288200855,0.015239108353853,0.073901996016502,-0.082460917532444,0.039941791445017,0.15198861062527,0.046382531523705,-0.089164786040783,0.080927707254887,0.089747458696365,0.10052106529474,-0.024296140298247,-0.15269076824188,-0.0010928720002994,0.083904802799225,0.1096770092845,-0.14657828211784,0.2058691829443,0.12922362983227,-0.073555648326874,0.063231527805328,0.20876757800579,-0.10717367380857,-0.14631120860577,0.11291711032391,-0.04827019944787,-0.066406361758709,0.036346759647131,-0.17359286546707,-0.041760545223951,0.10646246373653,0.11116284877062,-0.12797358632088,-0.069191120564938,-0.042558487504721,-0.010301048867404,-0.2429082095623,-0.076342180371284,-0.00021277867199387,-0.022193729877472,-0.0028689806349576,0.078298591077328,-0.068504758179188,-0.069740034639835,-0.045189343392849,0.035857733339071,-0.0061979372985661,0.15887762606144,-0.0089176772162318,-0.16520626842976,-0.02892305329442,0.021669782698154,0.030688587576151,-0.009691440500319,-0.027280546724796,-0.051357723772526,0.005201852414757,0.027939151972532,0.049191553145647,0.00055621395586058,-0.0041815335862339,0.066687196493149,-0.094802647829056,-0.11214268952608,-0.12558567523956,-0.013220245018601,-0.013024711981416,-0.091682426631451,-0.085007846355438,-0.15219981968403,-0.017754856497049,-0.12493290007114,-0.027833351865411,0.070600524544716,0.12835052609444,0.094424314796925,-0.010519002564251,-0.025845661759377,-0.047769293189049,-0.070877157151699,-0.09691010415554,-0.073686771094799,-0.0063561936840415,0.2057503759861,-0.0090976841747761,-0.0094222435727715,-0.0085014570504427,0.081656031310558,0.063535965979099,-0.095014698803425,-0.14982874691486,-0.0080205202102661,-0.0094100786373019,0.075516171753407,-0.14118778705597,-0.044231884181499,0.019960969686508,-0.070190139114857,0.1479178071022,-0.063628204166889,0.061416737735271,0.013766651973128,0.045951388776302,-0.054164949804544,-0.062679708003998,0.056942071765661,-0.096084043383598,-0.098430842161179,-0.024390922859311,0.061766188591719,0.091459140181541,-0.021014781668782,-0.061913933604956,0.049428578466177,0.010422520339489,-0.0070472205989063,-0.013850526884198,0.11503227055073,-0.11660152673721,0.022971354424953,-0.10551684349775,0.099537193775177,-0.055601537227631,0.0015578385209665,-0.076424710452557,-0.081540569663048
0.092187106609344,-0.21840478479862,-0.06398106366396,-0.015404583886266,0.13750252127647,0.046388451009989,0.025084868073463,0.16718573868275,0.089119665324688,-0.12219608575106,0.01873143017292,0.11109766364098,-0.052657578140497,-0.19394911825657,-0.088453628122807,0.039419546723366,-0.037992067635059,0.13334834575653,-0.091210208833218,0.07891158759594,0.13854996860027,0.10178194195032,-0.0091083347797394,0.09324487298727,-0.10304545611143,-0.036220714449883,0.082390747964382,-0.15738664567471,-0.078538611531258,-0.046872708946466,-0.075414955615997,-0.049905255436897,0.010025912895799,0.10029564797878,0.04066551849246,-0.02387155406177,0.060111124068499,-0.1468952447176,-0.081270679831505,-0.066961847245693,0.12458983063698,0.034255065023899,0.013868784531951,0.10532712936401,-0.066337913274765,-0.10436750948429,0.01904465071857,-0.015943165868521,-0.0026884516701102,0.11567384004593,-0.06965945661068,-0.22671948373318,-0.044218447059393,0.062826827168465,0.044548500329256,-0.0084993075579405,0.005439484026283,-0.081431336700916,-0.10858359187841,0.031453475356102,0.063629701733589,-0.030302556231618,0.05024091526866,0.020490201190114,-0.024146601557732,-0.18315424025059,-0.072202183306217,-0.026500009000301,0.12512694299221,-0.0061365026049316,-0.064124375581741,-0.049781877547503,0.0052198767662048,-0.090142220258713,-0.11048980802298,0.00083061715122312,0.0038533913902938,0.16277851164341,-0.0563626550138,-0.105971314013,0.020680317655206,0.15814957022667,-0.056883651763201,-0.019665073603392,0.021848011761904,0.15430895984173,0.064992778003216,0.078238002955914,-0.057746592909098,0.070831418037415,0.16841635107994,-0.023032914847136,-0.24956019222736,-0.041775219142437,0.027447180822492,0.11099097132683,-0.095439419150352,-0.049292888492346,-0.07060844451189,0.020283650606871,0.048649244010448,-0.15512864291668,0.012997257523239,-0.090367086231709,0.088131681084633,-0.06621889770031,-0.018010033294559,-0.047271244227886,-0.19739075005054,0.067616038024426,-0.012751827016473,-0.020243495702744,0.086471296846867,-0.069793216884136,0.016710074618459,-0.0098301731050014,0.0181152112782,-0.12319360673428,-0.058050002902746,-0.035459063947201,0.03004402667284,0.10598872601986,0.069127976894379,0.071298666298389,-0.027722142636776,-0.066354349255562,-0.0161022990942,-0.048953242599964
0.078214235603809,-0.25066673755646,-0.072384022176266,0.0082977199926972,0.10342051833868,-0.0092056225985289,-0.039602879434824,0.10115379095078,0.092984110116959,-0.08884334564209,0.071480110287666,0.11639862507582,-0.0018963376060128,-0.071654364466667,-0.10477502644062,0.035220444202423,0.0076857190579176,0.17944233119488,-0.078914172947407,0.14071060717106,0.10930508375168,0.069951996207237,0.056585226207972,0.17693580687046,-0.12903827428818,-0.0065973680466413,0.13939043879509,-0.12673710286617,-0.099169179797173,-0.037937477231026,-0.12021622061729,-0.051171395927668,0.073951259255409,0.096557818353176,0.0012059023138136,0.027080537751317,0.051773190498352,-0.061430957168341,-0.13713595271111,-0.058553788810968,0.066318564116955,0.054227899760008,-0.037408724427223,0.080414228141308,-0.1205844655633,-0.12519314885139,0.012026103213429,0.017488205805421,0.047639936208725,0.14423850178719,-0.038487728685141,-0.21552576124668,-0.035089392215014,0.092236168682575,0.084492914378643,-0.005971041508019,0.059235960245132,-0.093263998627663,-0.038216292858124,0.0050825495272875,0.035441603511572,-0.032385520637035,0.042208965867758,0.049472395330667,-0.058654826134443,-0.14150050282478,-0.060581047087908,0.012769565917552,0.14049281179905,0.033310487866402,-0.069970965385437,-0.082436680793762,0.031038796529174,-0.085588961839676,-0.058469653129578,-0.019263908267021,-0.0027746260166168,0.16372086107731,-0.044577613472939,-0.13415615260601,0.031286858022213,0.1604458540678,-0.077281765639782,-0.088562905788422,0.018612505868077,0.16413068771362,0.046830717474222,0.085262700915337,-0.039354469627142,0.068668209016323,0.14512839913368,-0.013145411387086,-0.1583142131567,-0.05855380371213,0.019895080476999,0.074159361422062,-0.15310177206993,-0.010186982341111,-0.0065918597392738,-0.039203464984894,0.099797673523426,-0.13003937900066,0.058372646570206,-0.098561190068722,0.12568829953671,-0.064742498099804,-0.035680375993252,-0.10593723505735,-0.15424530208111,0.040358182042837,-0.038534585386515,0.051097434014082,0.14803637564182,-0.04959524422884,-0.026261484250426,0.00095660070655867,0.03722070902586,-0.14743214845657,-0.078104749321938,-0.042993225157261,0.01723344437778,0.075441978871822,0.035831164568663,0.058074668049812,-0.097536131739616,-0.016615256667137,-0.0252322293818,0.00077784818131477
0.1338527649641,-0.22933439910412,-0.12384161353111,-0.0069533735513687,0.12313879281282,0.065554775297642,-0.041682913899422,0.088545843958855,0.11092322319746,-0.1730245500803,0.068960569798946,0.094078354537487,-0.04439789056778,-0.10196936130524,-0.12637022137642,0.011478809639812,0.0032637135591358,0.16480645537376,-0.068583652377129,0.071865357458591,0.13860268890858,0.12403601408005,0.054541155695915,0.14784941077232,-0.088930651545525,-0.061087992042303,0.16230036318302,-0.13569211959839,-0.097669258713722,-0.022143270820379,-0.068018339574337,-0.11251805722713,0.036143500357866,0.076462708413601,0.033798702061176,0.013219769112766,0.021545514464378,-0.13950599730015,-0.091182939708233,-0.044764779508114,0.056258164346218,0.079991556704044,-0.055059853941202,0.12356425821781,-0.10094531625509,-0.10727518051863,-0.01391732506454,0.020193105563521,0.02875105664134,0.14099010825157,-0.073462583124638,-0.16150023043156,0.016552940011024,0.057441614568233,0.0087203169241548,-0.0096664112061262,0.060051951557398,-0.037208497524261,-0.072189673781395,0.0028990786522627,0.028886590152979,0.0097549147903919,0.11257327347994,0.028588652610779,-0.090582899749279,-0.17132641375065,-0.046583123505116,0.021893661469221,0.13256251811981,0.059002596884966,-0.045634590089321,-0.080607518553734,0.0071664708666503,-0.13598363101482,-0.10090915113688,-0.015296803787351,-0.025945832952857,0.098957873880863,-0.084376782178879,-0.061509385704994,0.031957782804966,0.17118090391159,-0.064408667385578,-0.075623616576195,0.01491251681,0.17083804309368,0.027553582563996,0.033828098326921,-0.089939996600151,0.062913566827774,0.18304041028023,-0.029670609161258,-0.19931270182133,-0.039721347391605,0.06372357904911,0.057681445032358,-0.14137449860573,-0.010970032773912,-0.044157817959785,-0.022457139566541,0.10189288109541,-0.114063821733,0.049593154340982,-0.10447916388512,0.079823076725006,-0.062407851219177,-0.012182361446321,-0.093562267720699,-0.18829150497913,0.056641604751348,0.041397344321012,0.00039922501309775,0.13548874855042,-0.035618834197521,-0.012666345573962,0.036931529641151,0.0010233103530481,-0.11266268789768,-0.031364172697067,-0.028592200949788,0.020936196669936,0.04276542365551,0.02560400404036,0.031804036349058,-0.065639391541481,-0.038120742887259,-0.011012152768672,-0.00089892925461754
0.073323659598827,-0.21115411818027,-0.0532789491117,0.003330820472911,0.10225839912891,-0.0088746650144458,-0.017890067771077,0.11193657666445,0.085247032344341,-0.11638859659433,0.045300357043743,0.015547153539956,0.022672340273857,-0.044046673923731,-0.064148411154747,-0.0062387688085437,0.0033377269282937,0.20101252198219,-0.047028370201588,0.11134305596352,0.18287144601345,0.00057876564096659,0.049850147217512,0.18390370905399,-0.049313675612211,-0.1606487929821,0.064818061888218,-0.11496967077255,-0.07674951851368,0.016037253662944,-0.056387007236481,-0.16061399877071,0.04896804317832,0.067551285028458,0.075771979987621,0.024283856153488,0.036722559481859,-0.14461249113083,-0.12792693078518,-0.12824687361717,0.01681849360466,0.04187298566103,0.020335286855698,0.10505592077971,-0.075546309351921,-0.12019930779934,-0.0043316399678588,0.063622020184994,0.05718282237649,0.14221613109112,-0.10768322646618,-0.23740690946579,0.025177443400025,0.049460951238871,0.036950454115868,0.016620792448521,0.034917067736387,-0.081779755651951,-0.025178240612149,-0.037097491323948,0.075958512723446,0.03794976323843,0.018746368587017,0.043155074119568,-0.081673510372639,-0.10714119672775,-0.071520164608955,-0.0437769331038,0.08721236884594,-0.033139303326607,-0.058381259441376,-0.071754612028599,-0.0085409237071872,-0.18301266431808,-0.10278749465942,-0.0047542294487357,0.032439652830362,0.13483417034149,0.019027441740036,-0.068687759339809,0.0093369111418724,0.085872359573841,-0.10660806298256,-0.041408970952034,0.023401129990816,0.20691464841366,-0.03332294896245,0.045225419104099,-0.018892398104072,0.073723502457142,0.173568546772,-0.014666584320366,-0.12337253242731,-0.08479967713356,-0.005504060536623,0.03844952583313,-0.207325309515,0.055601272732019,-0.048500817269087,-0.020275412127376,0.14201320707798,-0.10053119063377,0.073130674660206,-0.14863015711308,0.12104216963053,-0.024057373404503,0.011092128232121,-0.083689890801907,-0.12362806499004,0.075158879160881,-0.048486389219761,-0.046364907175303,0.10397193580866,-0.052411586046219,-0.055850211530924,0.079449281096458,0.082753464579582,-0.055839065462351,-0.09748512506485,-0.0081277219578624,-0.037451192736626,0.023099144920707,-0.04047816619277,0.075763136148453,-0.14462697505951,-0.021054057404399,-0.037017684429884,0.0025249982718378
0.14762414991856,-0.26597341895103,-0.11271837353706,-0.024533057585359,0.12592586874962,0.034379463642836,-0.041202686727047,0.12933002412319,0.053074829280376,-0.11525867134333,0.060660619288683,0.090083934366703,-0.009024016559124,-0.046484742313623,-0.086067274212837,0.046036306768656,0.080897003412247,0.15959693491459,-0.043147921562195,0.094613045454025,0.12303540110588,0.1195484623313,0.035154681652784,0.17255023121834,-0.095239378511906,-0.019165679812431,0.18843166530132,-0.10077875852585,-0.088839739561081,-0.023802682757378,-0.10710865259171,-0.075104400515556,0.041791189461946,0.099573388695717,0.0027460546698421,0.014590431936085,0.039138108491898,-0.12768313288689,-0.091079987585545,-0.07258477807045,0.033447906374931,0.074782975018024,-0.013012364506721,0.09803794324398,-0.06697815656662,-0.10676033049822,-0.01629576459527,0.025811821222305,0.014079152606428,0.12053905427456,-0.030602088198066,-0.21532474458218,0.003823762293905,0.059552330523729,0.034713380038738,-0.0023670187219977,0.028194727376103,-0.035298228263855,-0.031657814979553,-0.0017601212020963,0.054857693612576,-0.0065493420697749,0.06249462813139,0.022481504827738,-0.089938811957836,-0.1229845136404,-0.074830964207649,0.038103960454464,0.12605156004429,0.0083304913714528,-0.077495828270912,-0.099050968885422,-0.008235190063715,-0.15837730467319,-0.11136243492365,-0.015310886316001,0.035575069487095,0.12594665586948,-0.051466967910528,-0.10057968646288,0.05164397880435,0.14747756719589,-0.073535226285458,-0.11684625595808,0.03068707883358,0.13192284107208,0.02397184073925,0.044858939945698,-0.042466096580029,0.0931596159935,0.16178753972054,-0.0096183139830828,-0.21263346076012,0.00045336398761719,0.068064525723457,0.13009950518608,-0.12046864628792,-0.021577155217528,-0.042102672159672,-0.031502559781075,0.10001037269831,-0.11659272760153,0.03858232870698,-0.090227819979191,0.051189407706261,-0.062245510518551,-0.049082010984421,-0.14306430518627,-0.19142007827759,0.016956327483058,0.023962568491697,0.027372555807233,0.14761182665825,-0.032478377223015,0.0020941735710949,0.0055675292387605,0.0036996933631599,-0.12784416973591,-0.078065440058708,-0.051742237061262,0.005754993762821,0.038374949246645,0.062918335199356,0.040503840893507,-0.067133747041225,-0.044318035244942,-0.025254154577851,-0.052173759788275
0.12409693002701,-0.23625622689724,-0.03559584915638,0.036027900874615,0.095247499644756,0.03185797482729,-0.040629204362631,0.10398930311203,0.091446503996849,-0.091199547052383,0.13042445480824,0.082310251891613,0.011205283924937,-0.11072541773319,-0.087584123015404,0.037462379783392,0.024994978681207,0.23260235786438,-0.094496436417103,0.12776251137257,0.19141955673695,0.060602318495512,0.062729835510254,0.19428074359894,-0.08851121366024,-0.079131431877613,0.093764372169971,-0.15483182668686,-0.080278754234314,-0.0064509226940572,-0.075499579310417,-0.083138801157475,0.063260436058044,0.11992967128754,0.038376733660698,0.013107143342495,0.0037005958147347,-0.09203340113163,-0.085160829126835,-0.082555308938026,0.0021699569188058,0.033656023442745,-0.074182264506817,0.079833164811134,-0.082232646644115,-0.18098685145378,-0.03132402151823,0.026748528704047,0.02641767077148,0.14359106123447,-0.023808946833014,-0.18344987928867,-0.036242183297873,0.056640118360519,0.007416111882776,0.00016034932923503,0.05574943497777,-0.098480805754662,-0.068025663495064,0.020001532509923,0.04209603369236,-0.038733046501875,0.053616460412741,0.021835440769792,-0.055454950779676,-0.17166103422642,-0.064066119492054,-0.0050558741204441,0.072763085365295,0.04869444668293,-0.061710495501757,-0.084926076233387,-0.015782138332725,-0.13536703586578,-0.14058877527714,-0.062593691051006,0.027544897049665,0.1274625658989,-0.044551346451044,-0.047808408737183,-0.0041927713900805,0.098961152136326,-0.077397592365742,-0.083520635962486,0.013504212722182,0.16517381370068,0.028330814093351,0.027392206713557,-0.037122055888176,0.075304709374905,0.15076765418053,-0.036773439496756,-0.16340911388397,0.0057779625058174,0.013851988129318,0.058449428528547,-0.19843669235706,-0.01509783603251,-0.059104692190886,-0.0080654267221689,0.14377170801163,-0.094380587339401,0.0036679601762444,-0.098410837352276,0.19439250230789,-0.047075510025024,0.039308499544859,-0.11736816912889,-0.089430496096611,0.029781768098474,-0.083875946700573,0.015258586034179,0.12378606200218,-0.027387753129005,0.022373283281922,0.041257727891207,0.050666082650423,-0.098281420767307,-0.06538861989975,0.0041179927065969,-0.0089704841375351,0.038966722786427,-0.0074368184432387,0.077618509531021,-0.045675441622734,-0.019578671082854,0.03720236197114,0.0042068590410054
0.13944478332996,-0.30633518099785,-0.13473781943321,-0.013904283754528,0.12073258310556,0.047483418136835,-0.054730914533138,0.11470506340265,0.026547292247415,-0.1000678986311,0.044474922120571,0.10531003773212,0.0063231331296265,-0.026206785812974,-0.092331349849701,0.062663182616234,0.054406329989433,0.14488333463669,-0.016094591468573,0.093076929450035,0.12988921999931,0.077044777572155,0.066695988178253,0.10695213824511,-0.09468087553978,0.018326953053474,0.16951264441013,-0.14677855372429,-0.14803756773472,-0.026561116799712,-0.11184920370579,-0.015410893596709,0.038908887654543,0.09501039236784,-0.0027685819659382,0.034603230655193,0.029872339218855,-0.11033598333597,-0.062354627996683,-0.087225250899792,0.02780263312161,0.057395949959755,-0.022789275273681,0.070402354001999,-0.078505635261536,-0.10241708159447,-0.0071428194642067,0.0084270099177957,0.015139894559979,0.10863275825977,-0.016083892434835,-0.22662883996964,0.0083903232589364,0.088912181556225,0.05752220377326,-0.017239613458514,0.070525482296944,-0.058220498263836,-0.032376062124968,0.0036013522185385,0.076155990362167,-0.013498815707862,0.055160902440548,0.010557966306806,-0.043570812791586,-0.12097228318453,-0.08912006765604,0.094278454780579,0.15729147195816,0.029323499649763,-0.076041281223297,-0.070241622626781,-0.020458122715354,-0.16758888959885,-0.12515580654144,-0.00021932199888397,0.03495405241847,0.10101621598005,-0.066460371017456,-0.09221014380455,0.028030086308718,0.120715290308,-0.072102390229702,-0.11570530384779,-0.021795621141791,0.13549374043941,0.047042030841112,0.058629281818867,-0.034802746027708,0.063322827219963,0.13671441376209,-0.0019215372158214,-0.19596202671528,0.0065344492904842,0.02991246432066,0.14013837277889,-0.10707763582468,-0.0068482742644846,-0.031895712018013,-0.015465015545487,0.10723619908094,-0.12393203377724,0.021413857117295,-0.084990032017231,0.097971729934216,-0.07104978710413,-0.073244325816631,-0.12131549417973,-0.21246522665024,0.020394111052155,-0.035616002976894,0.022037457674742,0.14432637393475,-0.063264146447182,0.026942614465952,0.011774460785091,0.011128428392112,-0.13050191104412,-0.067433528602123,-0.044936414808035,0.016468424350023,0.036891289055347,0.10048770159483,0.02757422067225,-0.04860869422555,-0.043327711522579,-0.013148058205843,-0.017237666994333
0.12166526168585,-0.29297807812691,-0.09147223085165,-0.035035397857428,0.1252136528492,0.043864767998457,-0.034189619123936,0.13617193698883,0.058065954595804,-0.13641235232353,0.036804649978876,0.095697104930878,0.0095416828989983,-0.0026660566218197,-0.047403488308191,-0.0088581750169396,0.028286527842283,0.13807629048824,-0.031357791274786,0.09499192237854,0.13000711798668,0.086275048553944,0.076375350356102,0.15053349733353,-0.072327792644501,-0.025367513298988,0.17264804244041,-0.11257267743349,-0.13229094445705,-0.033808555454016,-0.077791452407837,-0.084901176393032,0.070664703845978,0.12284412235022,0.0096471756696701,0.028399642556906,0.067009441554546,-0.084882363677025,-0.10902837663889,-0.0997429266572,0.078284561634064,0.06035166233778,0.005707529373467,0.097012504935265,-0.1415910422802,-0.14943571388721,-0.013476285152137,0.030241549015045,0.064884826540947,0.1565543115139,-0.054272446781397,-0.24019174277782,0.018669726327062,0.10995888710022,0.10595931112766,-0.00059198093367741,0.044117771089077,-0.031899247318506,-0.046034030616283,-0.056238334625959,0.026135828346014,-0.016532558947802,0.055391881614923,0.018502172082663,-0.072013236582279,-0.074046649038792,-0.06903849542141,0.053271114826202,0.13128647208214,0.038746006786823,-0.07403364777565,-0.074686370790005,-0.0080790333449841,-0.14249931275845,-0.067865297198296,-0.010912910103798,0.021976379677653,0.081764869391918,-0.017028596252203,-0.087343633174896,0.020246857777238,0.13297998905182,-0.029361702501774,-0.10010265558958,0.03005600720644,0.10758143663406,0.051562156528234,0.10183852165937,-0.0057387100532651,0.090117894113064,0.18518806993961,-0.04059599712491,-0.16138689219952,-0.047803360968828,0.013702285476029,0.075058430433273,-0.14460800588131,0.033172640949488,-0.030105860903859,-0.038400303572416,0.1037533134222,-0.10149846225977,0.075186997652054,-0.10283156484365,0.068034298717976,-0.05337992683053,-0.083278715610504,-0.13107815384865,-0.17930692434311,0.0039621056057513,0.0069911750033498,0.041526343673468,0.11427222937346,-0.028785023838282,0.0089172152802348,0.020562617108226,0.068067967891693,-0.13917820155621,-0.060511939227581,-0.010615548118949,0.060677945613861,0.038450807332993,0.055792845785618,0.038270249962807,-0.091195903718472,-0.049955796450377,0.020816689357162,0.019174832850695
0.078082427382469,-0.21538944542408,-0.025828886777163,0.013996939174831,0.14749817550182,0.020083196461201,0.011830505914986,0.10796001553535,0.15071696043015,-0.11299867928028,0.092419445514679,0.070832468569279,0.015613378025591,-0.055089592933655,-0.029721118509769,0.022059181705117,0.023276951164007,0.2012098133564,-0.13168613612652,0.075285188853741,0.18925489485264,0.048390280455351,0.031911373138428,0.23975528776646,-0.021122254431248,-0.14064282178879,0.083914861083031,-0.12126339972019,-0.051618285477161,0.0047757695429027,0.0013057762989774,-0.060067526996136,0.057137675583363,0.12575206160545,0.0029025964904577,0.033673670142889,0.019280442968011,-0.1320159137249,-0.12929026782513,-0.065242171287537,0.11472054570913,0.046984497457743,-0.018643904477358,0.093087732791901,-0.083065003156662,-0.15646079182625,-0.037735510617495,0.035568788647652,0.068925224244595,0.067751526832581,-0.070672556757927,-0.22246111929417,-0.0091618578881025,0.0067727356217802,0.02845404855907,0.060289338231087,-0.009812886826694,-0.021000202745199,-0.050693091005087,0.015469981357455,-0.0017228327924386,-0.019555948674679,0.0091762021183968,0.025706322863698,-0.076905004680157,-0.093212954699993,-0.070107221603394,0.0062769893556833,0.065697968006134,0.036305516958237,-0.051825229078531,-0.049541316926479,-0.023212783038616,-0.18133047223091,-0.066763110458851,0.00039582391036674,0.014501251280308,0.14858514070511,-0.064182125031948,-0.083975583314896,-0.0069354926235974,0.14590068161488,-0.049419924616814,-0.055907279253006,0.0082357348874211,0.18862080574036,0.061679255217314,0.039673838764429,-0.10437849164009,0.067622907459736,0.16517542302608,-0.054348230361938,-0.16776928305626,-0.06024556979537,0.0031410239171237,0.078249357640743,-0.22984620928764,-0.024267757311463,-0.017652312293649,-0.0058658653870225,0.11363286525011,-0.1536403298378,0.058817882090807,-0.070064887404442,0.10275109112263,-0.041621960699558,-0.047182813286781,-0.098360016942024,-0.11238004267216,-0.00012730582966469,-0.048965625464916,0.016231223940849,0.069663926959038,-0.042288310825825,0.0060847597196698,0.048529591411352,0.008419401012361,-0.097061432898045,-0.071401081979275,0.055054992437363,0.044061705470085,0.067763477563858,-0.07887127995491,0.11247753351927,-0.11814990639687,0.00076001277193427,-0.048533391207457,0.00081806082744151
0.1572984457016,-0.31883180141449,-0.097932167351246,-0.030884772539139,0.16010704636574,-0.0069312332198024,-0.043790746480227,0.14482399821281,0.094973735511303,-0.17822152376175,0.060374461114407,0.09750884771347,0.038704432547092,-0.011306161060929,-0.076762326061726,0.024060852825642,0.073423512279987,0.064926818013191,-0.12867832183838,0.18357355892658,0.11862014979124,0.05910812318325,0.073138169944286,0.1347374022007,-0.065652720630169,-0.042716078460217,0.16410607099533,-0.041938755661249,-0.10916662961245,-0.075760543346405,-0.026487370952964,-0.040322504937649,0.046492651104927,0.11399008333683,-0.070773005485535,0.041670307517052,-0.020663080736995,-0.062195178121328,-0.12104544788599,-0.10244926065207,0.065911546349525,0.056962385773659,-0.059167940169573,0.081054419279099,-0.05929658561945,-0.13914126157761,-0.11184271425009,0.08754375576973,0.090717330574989,0.16075471043587,-0.11726889014244,-0.19825161993504,-0.0079266624525189,0.020722106099129,0.018547339364886,-0.060799658298492,-0.076449900865555,-0.00025631074095145,-0.080964140594006,0.00068306789034978,0.014532032422721,-0.005464990157634,0.063934564590454,0.072372399270535,-0.12682792544365,-0.076217256486416,-0.080534048378468,0.1051255017519,0.096464022994041,-0.038137696683407,-0.053037416189909,-0.086656235158443,0.0056551652960479,-0.14205026626587,-0.096181578934193,-0.013901753351092,0.079175375401974,0.043415278196335,-0.030509172007442,0.0094717405736446,0.038241468369961,0.040818825364113,-0.052231956273317,-0.11577318608761,0.019749857485294,0.089711047708988,0.040731638669968,0.11536011844873,-0.01424038503319,0.058308776468039,0.18301278352737,-0.022423896938562,-0.1764874458313,0.063025943934917,0.029488626867533,0.085955798625946,-0.13996702432632,-0.084470726549625,-0.063926517963409,-0.075566254556179,0.092479363083839,-0.15404723584652,-0.00043444268521853,-0.08438865840435,0.043084725737572,-0.010581605136395,-0.069058179855347,-0.089702874422073,-0.087341785430908,-0.030502699315548,0.02410308085382,0.080386243760586,0.078701883554459,0.06050556153059,0.018247431144118,0.0067604309879243,-0.015756530687213,-0.039159849286079,-0.043755795806646,0.044145867228508,-0.034475028514862,0.069908499717712,0.011059618555009,0.0904575958848,-0.063199907541275,-0.065479911863804,-0.018368104472756,-0.053430087864399
0.076717860996723,-0.1840076893568,-0.071494676172733,0.069257825613022,0.09787055850029,-0.023493427783251,-0.00093950959853828,0.063563235104084,0.12197613716125,-0.14605702459812,0.10404805839062,0.085852824151516,0.0053628641180694,-0.12116038054228,-0.17360645532608,0.057876314967871,-0.062368348240852,0.16635821759701,-0.14072372019291,0.17140458524227,0.22077323496342,-0.058917105197906,0.031182648614049,0.1705028116703,-0.06627418845892,-0.088470950722694,0.027551701292396,-0.16392931342125,-0.05286331102252,0.024203421548009,-0.093183562159538,-0.010464524850249,0.035860612988472,0.095178946852684,-0.015676399692893,0.021244971081614,-0.0094503127038479,-0.064661033451557,-0.1130683645606,-0.10447054356337,0.065274111926556,0.00021899346029386,-0.0099022900685668,0.079260811209679,-0.051347285509109,-0.11499262601137,0.043389782309532,0.0035979056265205,-0.0025535291060805,0.1018600910902,-0.11218635737896,-0.16332042217255,-0.040167964994907,0.069357171654701,0.083295628428459,-0.0031383850146085,0.029814710840583,-0.085194252431393,-0.073274582624435,-0.0036647797096521,0.060760259628296,-0.0077504334039986,0.087334737181664,0.061060804873705,-0.060849737375975,-0.11597996205091,-0.073759116232395,-0.029508298262954,0.10628571361303,0.013111400417984,-0.070798732340336,-0.055720400065184,-0.0031731568742543,-0.073785126209259,-0.050299864262342,-0.02063880674541,0.033957805484533,0.16525094211102,-0.075431399047375,-0.066453218460083,-0.018484994769096,0.12577906250954,-0.10720637440681,-0.069165043532848,-0.037071868777275,0.26743438839912,0.015961630269885,0.055047940462828,-0.058175303041935,0.03853202611208,0.18498647212982,-0.06073422729969,-0.17087881267071,-0.064229890704155,-0.010158613324165,0.040715910494328,-0.19433660805225,0.00017323340580333,0.024292726069689,-0.027809049934149,0.10487765073776,-0.15795843303204,0.039309911429882,-0.053448848426342,0.14067883789539,0.0026503864210099,0.0056448155082762,0.047775130718946,-0.10866808146238,0.0071871168911457,-0.093187257647514,0.0262440610677,0.057384982705116,-0.067938327789307,0.019321588799357,0.048259928822517,0.024492191150784,-0.095694482326508,-0.013926211744547,0.024185225367546,-0.030412936583161,0.1103855445981,-0.012273605912924,0.10509102791548,-0.11682116985321,0.025585571303964,-0.019803028553724,0.00052196235628799
0.12656889855862,-0.3312568962574,-0.058071777224541,0.017995223402977,0.089970171451569,-0.04249144718051,-0.029176631942391,0.1360494941473,0.01162888109684,-0.14418165385723,0.033384066075087,0.090571977198124,0.010847027413547,0.030331900343299,-0.11365695297718,-0.019398024305701,0.050301514565945,0.15379486978054,0.0066024963743985,0.15903466939926,0.14797440171242,0.0011286984663457,0.049847863614559,0.13747569918633,-0.087744131684303,-0.053286746144295,0.11695900559425,-0.060563944280148,-0.14461536705494,-0.010358041152358,-0.15724951028824,-0.12265016138554,0.058018676936626,0.072073735296726,0.0098123354837298,0.014947314746678,0.0037979865446687,-0.097277484834194,-0.12472077459097,-0.15371832251549,-0.010487902909517,0.081702083349228,0.01013389788568,0.044468533247709,-0.073476426303387,-0.13805203139782,-0.039920665323734,0.0093978643417358,0.061736583709717,0.16594305634499,-0.078286126255989,-0.23147489130497,0.025427816435695,0.11478819698095,0.09708334505558,-0.030417695641518,0.032789472490549,-0.066191636025906,-0.048124883323908,-0.017788734287024,0.12471656501293,0.037404201924801,0.029977403581142,0.064022369682789,-0.070896729826927,-0.063394956290722,-0.086114950478077,-0.003331744344905,0.10078199207783,-0.02880098298192,-0.058154188096523,-0.1015186086297,0.01775823161006,-0.1257945895195,-0.12422523647547,0.0078462120145559,0.09631509333849,0.051630441099405,0.032205604016781,-0.091852068901062,-0.0069678449071944,0.050949472934008,-0.076893948018551,-0.11086273938417,0.028719693422318,0.12590309977531,-0.011399439536035,0.093507885932922,0.032274272292852,0.080266013741493,0.16843844950199,-0.0022969904821366,-0.10925649851561,-0.005305094178766,0.015947772189975,0.062987886369228,-0.13107392191887,0.0117162829265,-0.029446214437485,-0.024921936914325,0.12611639499664,-0.073877163231373,0.048565216362476,-0.15131634473801,0.11234443634748,-0.0089736822992563,0.011388719081879,-0.12307441979647,-0.16004505753517,0.018799789249897,-0.031882639974356,-0.022106012329459,0.14154216647148,-0.032333765178919,-0.0096109136939049,0.043740499764681,0.1149295642972,-0.057263255119324,-0.079472586512566,-0.046582326292992,-0.075137943029404,0.013072309084237,0.027677219361067,0.007958609610796,-0.080506168305874,-0.0073624062351882,0.020832289010286,-0.015199555084109
0.07059819996357,-0.21888846158981,-0.01105404086411,0.033753119409084,0.077620111405849,-0.016254186630249,-0.02478508464992,0.1065624281764,0.073841914534569,-0.14992688596249,0.078345499932766,0.069806449115276,-0.007267368491739,-0.11179315298796,-0.13545829057693,0.01429295539856,-0.037701539695263,0.19910019636154,-0.11159718036652,0.12685060501099,0.20328053832054,0.0024298836942762,0.037609089165926,0.21900092065334,-0.076476484537125,-0.076083801686764,0.083754763007164,-0.16114915907383,-0.062721446156502,-0.027571758255363,-0.091799281537533,-0.11196751147509,0.034182291477919,0.078263759613037,0.022300373762846,-0.003491829847917,-0.031854722648859,-0.07835029065609,-0.15205056965351,-0.082849636673927,0.052870862185955,0.041630454361439,-0.052338164299726,0.12692208588123,-0.06552416831255,-0.10289417952299,0.031345337629318,-0.004023517947644,-0.034541308879852,0.091608889400959,-0.086100168526173,-0.21784506738186,-0.0039911875501275,0.044769164174795,0.037170588970184,0.0065080393105745,0.040082726627588,-0.052908591926098,-0.02993730828166,-0.035230092704296,0.089663982391357,0.024811493232846,0.053402159363031,0.1058746278286,-0.064059436321259,-0.13655313849449,-0.058705773204565,-0.037223011255264,0.11588720977306,0.019012762233615,-0.068272732198238,-0.096264012157917,0.024567700922489,-0.13012218475342,-0.071276500821114,-0.032394915819168,-0.027197740972042,0.15546436607838,-0.027747251093388,-0.068156510591507,-0.020233077928424,0.13729670643806,-0.11702991276979,-0.10960488021374,-0.020084276795387,0.20258674025536,0.02934255450964,0.039897922426462,-0.090858668088913,0.047635100781918,0.17927011847496,-0.017395950853825,-0.1527674049139,-0.080365918576717,-0.0051379590295255,0.069531470537186,-0.17333720624447,0.0024513765238225,-0.0043300744146109,-0.029819790273905,0.10406251996756,-0.12782803177834,0.046186704188585,-0.088915131986141,0.12535597383976,-0.047461021691561,0.0014968848554417,-0.02260041423142,-0.13264502584934,-0.002790865721181,-0.025285946205258,0.033614858984947,0.088917084038258,-0.079822562634945,-0.01085418369621,0.05547684431076,-0.020868254825473,-0.12517081201077,-0.052010107785463,-0.025165073573589,-0.0459587238729,0.071638248860836,-0.055742420256138,0.06491319835186,-0.09663499891758,0.013005811721087,-0.044847581535578,-0.028162103146315
0.09424714744091,-0.17417252063751,-0.088742606341839,-0.078655622899532,0.11126384139061,0.046144869178534,-0.020844902843237,0.18739245831966,0.057743888348341,-0.10744503885508,0.010179948993027,0.045641101896763,-0.011434058658779,-0.11963695287704,-0.050155613571405,0.065853998064995,0.002356291282922,0.11902926117182,-0.11296578496695,0.063685737550259,0.091988191008568,0.14077085256577,0.05387956276536,0.045392293483019,-0.14945650100708,-0.04051236435771,0.12483390420675,-0.1166917681694,-0.091555386781693,-0.07710038870573,-0.10034314543009,-0.051926601678133,0.0529993660748,0.11031613498926,0.016673354431987,-0.0088383015245199,0.10165069997311,-0.092102855443954,-0.11052392423153,-0.020414123311639,0.07369376718998,0.045681048184633,0.020270327106118,0.096463732421398,-0.08390786498785,-0.043758481740952,0.025925515219569,0.0016886480152607,-0.043095272034407,0.15952078998089,-0.051021732389927,-0.22971728444099,-0.056308340281248,0.10323859751225,0.0062644728459418,-0.020402733236551,0.057663679122925,-0.11143785715103,-0.04016862437129,-0.00052397581748664,0.035156019032001,-0.0055946158245206,0.0082995751872659,0.010173424147069,-0.047957051545382,-0.16233761608601,-0.077285297214985,0.033234413713217,0.14098373055458,-0.0019067290704697,-0.056519225239754,-0.098871059715748,0.022705828770995,-0.11252059042454,-0.066470436751842,0.0052878027781844,-0.022776799276471,0.13456407189369,-0.058055881410837,-0.14194555580616,0.061101961880922,0.13879859447479,-0.086299233138561,-0.037132177501917,0.0071222516708076,0.19265498220921,0.025457439944148,0.038709711283445,-0.05301271751523,0.10558917373419,0.15028731524944,-0.044821485877037,-0.25254279375076,-0.072853118181229,0.04950650408864,0.14528411626816,-0.098557978868484,0.011540786363184,-0.085550434887409,0.015399892814457,0.045011565089226,-0.1372267305851,0.044541925191879,-0.065472021698952,0.061921685934067,-0.093013733625412,-0.084040284156799,-0.054339729249477,-0.19574217498302,0.027757491916418,0.0018197767203674,0.0099560264497995,0.11209676414728,-0.050389528274536,-0.021593874320388,-0.020154990255833,0.0048958924598992,-0.14087451994419,-0.054501719772816,-0.054050538688898,0.047421488910913,0.081535592675209,0.1032876893878,0.087714530527592,-0.010693024843931,-0.12331432104111,-0.031266331672668,-0.046775862574577
0.14334514737129,-0.24863010644913,-0.10757979005575,0.0046567800454795,0.12373553216457,0.060217030346394,-0.0021415515802801,0.11600438505411,-0.031477421522141,-0.093122601509094,0.032078839838505,0.046230960637331,0.015890497714281,-0.06857642531395,-0.048452340066433,0.038846921175718,0.025577455759048,0.18484665453434,-0.0012526819482446,0.086063452064991,0.15831896662712,0.039168640971184,0.064789488911629,0.11672729253769,-0.07087966054678,-0.09745430201292,0.08088256418705,-0.17374603450298,-0.11892395466566,0.0097906580194831,-0.10669650882483,-0.064230151474476,-0.0021901787258685,0.091052740812302,0.057871874421835,0.016147425398231,0.030864302068949,-0.19029632210732,-0.067020088434219,-0.10622471570969,0.017434297129512,0.025616275146604,0.020615933462977,0.092292964458466,-0.090767994523048,-0.059496100991964,0.030281223356724,0.034536775201559,-0.01902118884027,0.13217812776566,-0.026911864057183,-0.24874119460583,0.0038276209961623,0.067128583788872,0.018418170511723,-0.0065343216992915,0.082670465111732,-0.069565623998642,-0.0092628384009004,0.036018338054419,0.10745384544134,0.050796203315258,0.02235671877861,-0.0091777425259352,-0.024074180051684,-0.14181354641914,-0.095559276640415,-0.001769661786966,0.10846067965031,0.0025257170200348,-0.087027862668037,-0.045545093715191,-0.028981070965528,-0.16896304488182,-0.15030351281166,-0.0031449724920094,0.048922825604677,0.12287379801273,-0.023314567282796,-0.07398034632206,0.02623019553721,0.064245387911797,-0.1204679608345,-0.077027536928654,-0.026472084224224,0.19883479177952,-0.0075780237093568,-0.0084696197882295,-0.067950360476971,0.084659330546856,0.17552003264427,0.0071808630600572,-0.19483587145805,-0.051754225045443,-0.0036332288291305,0.1134187951684,-0.13592380285263,0.04835157096386,-0.045995473861694,0.012197082862258,0.11864071339369,-0.085127681493759,0.049295142292976,-0.1013917773962,0.12397111952305,-0.060313630849123,-0.025678472593427,-0.044593159109354,-0.19040754437447,0.075274609029293,-0.051677092909813,-0.039517022669315,0.13784012198448,-0.099481076002121,-0.020884154364467,0.052759416401386,0.072165220975876,-0.084533333778381,-0.083665907382965,-0.014450331218541,-0.012983203865588,0.0019286233000457,0.043275851756334,0.065726853907108,-0.081295356154442,-0.050904966890812,-0.034674763679504,-0.026826914399862
0.077674612402916,-0.22665758430958,-0.029444135725498,-0.020961981266737,0.10150693356991,-0.0021263102535158,-0.014590601436794,0.13327154517174,0.13670152425766,-0.15429379045963,0.069597981870174,0.068515196442604,-0.013077152892947,-0.11485980451107,-0.094858549535275,0.015618498437107,-0.04397876933217,0.14697344601154,-0.12735477089882,0.10820732265711,0.1610092818737,0.081681743264198,0.010699313133955,0.17884267866611,-0.10050936043262,-0.059228498488665,0.11998637765646,-0.11389237642288,-0.054374944418669,-0.042845126241446,-0.067575171589851,-0.11398011445999,0.049103014171124,0.10451535880566,0.030364288017154,0.011700469069183,0.041537046432495,-0.094683714210987,-0.12927839159966,-0.072312816977501,0.09277968108654,0.035277832299471,-0.024897754192352,0.1147069260478,-0.062881007790565,-0.12617743015289,-0.013156252913177,0.032795563340187,0.024396579712629,0.12143155932426,-0.12755289673805,-0.22078266739845,-0.010860732756555,0.063415661454201,0.049297101795673,0.0044366372749209,-0.0059961131773889,-0.062903672456741,-0.08819242566824,-0.017622869461775,0.040178511291742,-0.013836183585227,0.06502852588892,0.085173055529594,-0.094094358384609,-0.11687123775482,-0.051030520349741,-0.020124970003963,0.12952935695648,-0.011626104824245,-0.073377802968025,-0.1057815477252,0.015756346285343,-0.11949436366558,-0.053742043673992,-0.031021758913994,-0.0063978689722717,0.14443911612034,-0.031957633793354,-0.081009693443775,0.045532897114754,0.14663065969944,-0.076803505420685,-0.072197578847408,0.023838574066758,0.17990051209927,0.041124206036329,0.076401926577091,-0.057524669915438,0.088317662477493,0.20911352336407,-0.039906840771437,-0.18420085310936,-0.054066345095634,0.0068508172407746,0.079328417778015,-0.17938569188118,-0.028677301481366,-0.012792675755918,-0.024907937273383,0.095555946230888,-0.15319186449051,0.040459536015987,-0.11799428611994,0.099274471402168,-0.041175547987223,-0.012789371423423,-0.06890032440424,-0.14969596266747,0.023581746965647,0.0036049943882972,0.022616248577833,0.084985084831715,-0.043092586100101,-0.0081189665943384,0.036837544292212,0.01042811665684,-0.10603111982346,-0.065759256482124,-0.031810604035854,0.01198264490813,0.075641594827175,0.0015310655580834,0.085322588682175,-0.099713765084743,-0.025669058784842,-0.027262160554528,-0.02374773286283
0.064729459583759,-0.18524442613125,-0.058565653860569,0.012751409783959,0.094319462776184,0.010187784209847,-0.01578182540834,0.094706334173679,0.10521441698074,-0.078624285757542,0.089277915656567,0.03538591042161,0.032180093228817,-0.099202275276184,-0.068259030580521,0.047435753047466,-0.051163353025913,0.18745778501034,-0.079842336475849,0.10726256668568,0.19026173651218,0.018012516200542,0.025205969810486,0.1633885204792,-0.05818897485733,-0.11238233745098,0.060185398906469,-0.14351177215576,-0.059218026697636,0.034077104181051,-0.070918880403042,-0.075702525675297,0.045996103435755,0.10034570097923,0.047565039247274,0.029077662155032,0.058128733187914,-0.15294083952904,-0.08127748966217,-0.091673798859119,0.057066082954407,-0.021060403436422,0.031507063657045,0.095221027731895,-0.070561148226261,-0.14496575295925,0.026822127401829,0.055131398141384,0.049330484122038,0.11617770045996,-0.06954637169838,-0.21915431320667,-0.026871895417571,0.075904309749603,0.056707270443439,0.021435637027025,0.039761509746313,-0.12793852388859,-0.04444794729352,-0.0011937734670937,0.05397941917181,-0.023619040846825,0.020503407344222,0.04423600807786,-0.074812814593315,-0.1193106174469,-0.065718427300453,-0.040149096399546,0.12456098943949,-0.021783582866192,-0.087152309715748,-0.052572347223759,-0.019357524812222,-0.15112735331059,-0.06658723950386,-0.025258665904403,0.029363572597504,0.17471165955067,-0.034719802439213,-0.063254848122597,0.052473593503237,0.1030822917819,-0.078487142920494,-0.016864944249392,-0.00070612569106743,0.25707158446312,0.0092250425368547,0.041237723082304,-0.034145183861256,0.076983369886875,0.16001380980015,-0.037707842886448,-0.17227430641651,-0.063611909747124,-0.058257132768631,0.047448478639126,-0.22840048372746,0.032237228006124,-0.0046321959234774,-0.019603755325079,0.13681697845459,-0.12919546663761,0.067478902637959,-0.10680908709764,0.1638965010643,-0.031300596892834,0.00065263005672023,-0.025856081396341,-0.13747029006481,0.073266506195068,-0.098935291171074,-0.03106134198606,0.079982906579971,-0.071181796491146,-0.038501713424921,0.052977282553911,0.07842019200325,-0.067484267055988,-0.091971956193447,-0.0082544377073646,0.01655531860888,0.047275230288506,0.0058869644999504,0.10088459402323,-0.13612805306911,-0.015522506088018,-0.026090098544955,0.033239603042603
0.1695161908865,-0.19627337157726,-0.095684394240379,0.005652017891407,0.12944996356964,0.026168841868639,0.082391701638699,0.12562096118927,0.012151210568845,-0.1449014544487,6.6990927734878e-05,0.00021778049995191,0.043499205261469,-0.033237732946873,-0.074256271123886,-0.054112911224365,0.08327179402113,0.21183060109615,-0.029449807479978,0.051696963608265,0.21084435284138,0.021485762670636,0.026605073362589,0.031766284257174,-0.057346280664206,-0.20443214476109,-0.066635601222515,-0.11900150775909,-0.1088482439518,0.07371586561203,-0.069235868752003,-0.076120890676975,-0.017829529941082,0.045190416276455,0.12976841628551,-0.069831714034081,0.051215939223766,-0.13663546741009,-0.021827114745975,-0.16379298269749,-0.02791822142899,0.11429369449615,0.0377446860075,0.065154112875462,-0.07536556571722,-0.10291908681393,-0.057902917265892,0.023451926186681,0.052693177014589,0.12149491906166,-0.080901458859444,-0.18327710032463,0.037153419107199,0.08254212141037,-0.049780998378992,-0.044383831322193,0.082005001604557,-0.081116646528244,-0.059737395495176,-0.013411913067102,0.13676339387894,0.063942492008209,-0.0028100830968469,-0.028703501448035,-0.070021376013756,-0.14827425777912,-0.047703966498375,-0.026919059455395,0.060247153043747,-0.088094815611839,0.010930648073554,-0.06469365209341,0.0020886501297355,-0.17059463262558,-0.24829526245594,0.028692089021206,0.040483735501766,-0.0091692106798291,0.021861188113689,-0.041361596435308,-0.030495349317789,0.054326664656401,-0.096815295517445,-0.0079753706231713,0.056968342512846,0.15984296798706,-0.041508745402098,-0.022829357534647,-0.01220983825624,0.031400788575411,0.15379384160042,-0.035428214818239,-0.12201828509569,-0.077824227511883,0.012412441894412,-0.012912384234369,-0.11515843868256,0.058332126587629,-0.14547874033451,0.059540167450905,0.13677278161049,-0.013390840962529,0.075374476611614,-0.05860422924161,0.093367502093315,-0.064198918640614,0.05233395844698,-0.020227283239365,-0.10950137674809,0.12406309694052,-0.035381086170673,-0.16912011802197,0.031000539660454,-0.025703037157655,-0.040357541292906,0.084752082824707,0.096887372434139,-0.032045535743237,-0.082052707672119,-0.03803489357233,-0.084864236414433,0.026239706203341,-0.013292940333486,0.060567386448383,-0.033481277525425,-0.12426228821278,-0.024135636165738,-0.028745979070663
0.052040886133909,-0.18208430707455,-0.0035356672015041,-0.086926244199276,0.10156092792749,0.050915341824293,-0.0062574129551649,0.1246228441596,0.1209743693471,-0.10641753673553,0.047094777226448,0.045785617083311,0.00018706166883931,-0.13192467391491,-0.066948361694813,0.023264519870281,-0.066782362759113,0.20915150642395,-0.14205540716648,0.0072199483402073,0.1839042454958,0.14485792815685,-0.0031712893396616,0.13343411684036,-0.1191438138485,-0.058825258165598,0.079113356769085,-0.12941977381706,-0.048220120370388,-0.017701700329781,-0.040347617119551,-0.12861202657223,0.015615740790963,0.087638095021248,0.11658404767513,-0.024838782846928,0.044987954199314,-0.12001087516546,-0.044098407030106,-0.03720086067915,0.057985246181488,0.058805774897337,-0.022851198911667,0.13072414696217,-0.050158318132162,-0.15426479279995,-0.022845353931189,0.044107671827078,-7.4180425144732e-05,0.085472218692303,-0.08584675937891,-0.23979678750038,-0.020060183480382,0.062710762023926,-0.023145884275436,0.026527477428317,0.032750479876995,-0.038796085864305,-0.10785830765963,-0.018395269289613,0.052710015326738,-0.01080187689513,0.065265387296677,0.080498062074184,-0.068286493420601,-0.16328690946102,-0.053523238748312,-0.0016138987848535,0.11391788721085,-0.0047365291975439,-0.032851126044989,-0.091690875589848,0.016298066824675,-0.16696125268936,-0.11603085696697,-0.02679405361414,-0.070067159831524,0.10224467515945,-0.021679129451513,-0.094149067997932,0.073799192905426,0.16908930242062,-0.053371261805296,-0.010112340562046,-0.016085259616375,0.15161786973476,0.064300380647182,0.043225780129433,-0.05772141367197,0.085916317999363,0.16522611677647,-0.049090553075075,-0.17211271822453,-0.056179568171501,-0.0071481671184301,0.084085755050182,-0.19488717615604,-0.0050589069724083,-0.071020744740963,0.037927962839603,0.12097991257906,-0.12409220635891,0.0018070064252242,-0.10463835299015,0.14106392860413,-0.078942984342575,-0.018739778548479,-0.10391680151224,-0.15754418075085,0.059442706406116,0.0093988543376327,-0.034771803766489,0.067343346774578,-0.024400955066085,-0.015926184132695,0.069760911166668,-0.014089130796492,-0.068401329219341,-0.10345005989075,-0.064630232751369,0.047313757240772,0.034921936690807,0.0089830858632922,0.04154085740447,-0.079935006797314,-0.04664097353816,-0.068967759609222,-0.023755792528391
0.060202103108168,-0.21672727167606,-0.026022896170616,-0.03415185585618,0.080362766981125,0.0005672427942045,-0.038402743637562,0.11456593871117,0.095257602632046,-0.10767337679863,0.076745629310608,0.039150953292847,0.014607810415328,-0.11600098013878,-0.11611641198397,0.041789088398218,-0.063322022557259,0.17335397005081,-0.10747564584017,0.11718929558992,0.1986008733511,0.035673696547747,-0.0055628283880651,0.16473281383514,-0.10443656891584,-0.040368180721998,0.079783834517002,-0.12941986322403,-0.039655141532421,-0.027668470516801,-0.077395513653755,-0.12954145669937,0.010017843917012,0.070651441812515,0.067881256341934,0.029696933925152,0.010676581412554,-0.10759194940329,-0.072017952799797,-0.10013475269079,0.026197453960776,0.018857352435589,-0.030294921249151,0.11137862503529,-0.012727095745504,-0.13422058522701,0.0058226860128343,0.064478322863579,-0.013459235429764,0.092246487736702,-0.13510617613792,-0.2221664339304,-0.019433043897152,0.060698915272951,0.036709941923618,-0.0018477390985936,0.0043269544839859,-0.068349294364452,-0.091293394565582,-0.034805208444595,0.090053305029869,0.0082560162991285,0.091121315956116,0.10814374685287,-0.080826677381992,-0.12024194002151,-0.060222454369068,-0.0093117421492934,0.14189048111439,-0.038983277976513,-0.07177159935236,-0.089643947780132,0.0064490092918277,-0.14578779041767,-0.089582599699497,-0.0475814640522,-0.005348788574338,0.16395469009876,0.0021073641255498,-0.07283727824688,0.056725148111582,0.12995079159737,-0.10491561889648,-0.06656301766634,-0.022903677076101,0.19811615347862,0.022246448323131,0.082720905542374,-0.015214592218399,0.074184909462929,0.19834688305855,-0.016319885849953,-0.15484531223774,-0.022737167775631,-0.019802939146757,0.072802774608135,-0.18923673033714,-0.012615561485291,-0.029021779075265,-0.018249027431011,0.12822936475277,-0.14490903913975,-0.0076900450512767,-0.14236703515053,0.1469764560461,-0.0069135003723204,0.013064479455352,-0.067375630140305,-0.13382931053638,0.046788111329079,-0.033051863312721,0.00011304638610454,0.085385955870152,-0.043792072683573,1.1140567949042e-05,0.065863527357578,-0.0043605645187199,-0.069330684840679,-0.098158098757267,-0.066518269479275,-0.033591996878386,0.039272103458643,0.02134115062654,0.064269363880157,-0.12520894408226,0.0039912238717079,-0.053969826549292,-0.029754808172584
0.13957098126411,-0.30896070599556,-0.10079374909401,-0.0064493799582124,0.20756803452969,0.03773033991456,0.011449482291937,0.13124768435955,0.069839395582676,-0.16062308847904,-0.0027337691280991,0.13322825729847,-0.0456766448915,-0.10190539062023,-0.059726156294346,0.011413992382586,0.031234046444297,0.0980374366045,-0.055658187717199,0.10712728649378,0.10750564932823,0.10974408686161,0.0048398468643427,0.11216665804386,-0.050465516746044,-0.028610717505217,0.10928346216679,-0.11259118467569,-0.10907886922359,-0.053729269653559,-0.028138006106019,-0.03146405518055,-0.032178089022636,0.072523348033428,0.017836458981037,0.02894002944231,-0.0040899408049881,-0.18571969866753,-0.081589169800282,-0.10223934054375,0.14194475114346,0.087836340069771,-0.027166301384568,0.11704740673304,-0.084151357412338,-0.074110798537731,-0.050336983054876,0.049241315573454,0.072116084396839,0.092323705554008,-0.085128337144852,-0.20434975624084,0.0018554487032816,-0.011036481708288,0.044155340641737,-0.040375284850597,-0.060923632234335,0.0038521050009876,-0.093082897365093,0.052272494882345,0.055197775363922,0.0012827849714085,0.057518925517797,0.048474606126547,-0.061471946537495,-0.15888133645058,-0.070834659039974,0.049996521323919,0.1340034455061,-0.0057091326452792,-0.029488457366824,-0.01247369684279,0.015170536004007,-0.14367631077766,-0.15439400076866,0.021893115714192,0.019273715093732,0.11081586778164,-0.04744840040803,-0.040589321404696,0.044918537139893,0.14242145419121,-0.048301517963409,-0.064579412341118,0.036547299474478,0.066521048545837,0.078970871865749,0.10947801172733,-0.078295849263668,0.047276876866817,0.17976954579353,0.039397962391376,-0.23005618155003,0.0045002698898315,0.021355943754315,0.093733921647072,-0.069407656788826,-0.1066247522831,-0.071196518838406,-0.039662636816502,0.060220297425985,-0.14246286451817,0.018587628379464,-0.12140696495771,0.01008976995945,-0.043876316398382,-0.049924213439226,-0.082802511751652,-0.16228391230106,0.085647478699684,0.057535659521818,-0.0033415073994547,0.070121020078659,-0.025727558881044,0.017136765643954,-0.0057619209401309,-0.017787471413612,-0.10000293701887,-0.079485207796097,-0.0091886082664132,0.0039389869198203,0.092396669089794,0.040781926363707,0.059968262910843,-0.05632583796978,-0.059992108494043,-0.035535857081413,-0.064237922430038
0.012195227667689,-0.18207901716232,-0.066778264939785,-0.06945438683033,0.15240705013275,0.0042374418117106,-0.041359804570675,0.13499583303928,0.036980215460062,-0.015448519028723,0.038173984736204,0.058675389736891,0.065460421144962,-0.011951015330851,-0.043518058955669,0.077915720641613,0.0029608020558953,0.18959619104862,-0.12691375613213,0.12733413279057,0.11506229639053,-0.016985323280096,0.11266298592091,0.14485777914524,-0.10041450709105,-0.11748460680246,0.081790894269943,-0.071777835488319,-0.060172513127327,-0.056169237941504,-0.057390533387661,-0.073091089725494,0.049613002687693,0.077358707785606,-0.049765966832638,0.072619840502739,-0.017739083617926,-0.12434449791908,-0.15021984279156,0.00032661040313542,0.047705449163914,0.035018350929022,-0.00045852590119466,0.079692356288433,-0.10376061499119,-0.092218339443207,0.0082824546843767,0.069540224969387,0.013084293343127,0.14372779428959,-0.060411792248487,-0.25370571017265,-0.12314622104168,0.027313554659486,-0.012739415280521,0.028738616034389,0.033913537859917,-0.033309653401375,-6.3880099332891e-05,0.062818244099617,0.023875257000327,0.051640812307596,-0.0041862283833325,0.033525250852108,-0.035984247922897,-0.13307727873325,-0.13245518505573,0.057351637631655,0.06548135727644,0.035662792623043,-0.028604818508029,0.0037056987639517,0.01669630035758,-0.12682323157787,-0.05172286555171,0.038437750190496,0.017562732100487,0.18254233896732,-0.031269364058971,-0.16735397279263,0.0071519715711474,0.063468441367149,-0.083100385963917,0.0069898595102131,-0.096366673707962,0.24230748414993,0.032130863517523,0.057534173130989,-0.040247574448586,0.041711963713169,0.10463103652,-0.02232938632369,-0.1433427631855,-0.074623309075832,0.045195043087006,0.091231852769852,-0.22126246988773,0.047299344092607,-0.071020387113094,0.0049628810957074,0.073050424456596,-0.1627067476511,0.026939140632749,-0.066185787320137,0.14090523123741,-0.0050862217321992,-0.11151822656393,-0.052732285112143,-0.10579480975866,0.001177579513751,-0.10492999851704,0.030943376943469,0.14976638555527,-0.0054050972685218,-0.060407981276512,0.035677935928106,0.051921207457781,-0.038398735225201,-0.071192421019077,0.070790909230709,-0.0039736116304994,0.020699264481664,-0.049626115709543,0.098022900521755,-0.17898100614548,-0.012871374376118,-0.14808088541031,0.0091792652383447
0.099562413990498,-0.21416510641575,-0.085864245891571,0.043934069573879,0.13403517007828,0.012075031176209,-2.3439549750037e-06,0.084373690187931,0.064018897712231,-0.047399427741766,0.089986108243465,0.088939733803272,0.013611220754683,-0.069043263792992,-0.083390913903713,0.031399063766003,0.040764905512333,0.23815405368805,-0.045973166823387,0.11575395613909,0.16456307470798,0.0095675680786371,0.065036416053772,0.2422214448452,-0.051438126713037,-0.10927446186543,0.11086703836918,-0.14140318334103,-0.049094256013632,0.035574909299612,-0.10378870368004,-0.056637454777956,0.051225271075964,0.10903881490231,0.0054627987556159,-0.0041072028689086,0.013576897792518,-0.13750743865967,-0.12996412813663,-0.092056937515736,0.0478082485497,0.018628992140293,-0.0070006009191275,0.094624891877174,-0.11631901562214,-0.14329135417938,0.0088787963613868,0.051245182752609,0.051443338394165,0.11408472806215,0.0098662190139294,-0.20060673356056,-0.016669731587172,0.025230141356587,0.051087450236082,0.034693118184805,0.067075625061989,-0.063809983432293,-0.0035164565779269,0.022707249969244,0.054376736283302,-0.012046661227942,0.030794592574239,0.023594660684466,-0.057564873248339,-0.1285522133112,-0.094236806035042,-0.038699232041836,0.075177937746048,0.043572399765253,-0.1072559133172,-0.042719587683678,-0.023390108719468,-0.1286233663559,-0.099875941872597,-0.02385757304728,0.061750557273626,0.17999044060707,-0.037175998091698,-0.10633054375648,-0.0003166351816617,0.1198658272624,-0.076887123286724,-0.072517216205597,0.028154751285911,0.17566633224487,0.014809418469667,0.036216832697392,-0.042720355093479,0.074054762721062,0.14471949636936,-0.0099305678158998,-0.1655739992857,-0.05759335309267,0.013684461824596,0.056556090712547,-0.19688078761101,0.022432336583734,0.0068553523160517,-0.035326093435287,0.15847708284855,-0.10029426962137,0.083094276487827,-0.076005578041077,0.13238763809204,-0.063111133873463,-0.013669325970113,-0.086498893797398,-0.117556668818,0.037769116461277,-0.053500141948462,0.03267178684473,0.14301133155823,-0.064011663198471,-0.025522787123919,0.035869129002094,0.070478387176991,-0.096769027411938,-0.074451617896557,0.024882096797228,-0.00084456556942314,0.040711868554354,-0.043606467545033,0.067210882902145,-0.14442647993565,0.017605287954211,-0.046999175101519,-0.0081114768981934
0.10315370559692,-0.22898423671722,-0.11661214381456,0.017859805375338,0.15846937894821,0.016965538263321,-0.02485304325819,0.034211322665215,0.11745826900005,-0.23481047153473,-0.001913258805871,0.06943216919899,-0.042179998010397,0.0034907425288111,-0.10465384274721,-0.0053412951529026,0.007845425978303,0.11807587742805,-0.086793974041939,0.056975279003382,0.15810558199883,0.029240073636174,0.056777503341436,0.1547227948904,0.010929494164884,-0.10768873989582,0.11933446675539,-0.12344206124544,-0.13988718390465,0.0014716173755005,-0.0064775245264173,-0.073684923350811,0.0011279854224995,0.049083277583122,0.01901520229876,0.054514318704605,-0.03286163136363,-0.11828179657459,-0.14484407007694,-0.1052368581295,0.081850297749043,0.11987376213074,-0.029600182548165,0.12574674189091,-0.061741761863232,0.0058613158762455,-0.0061080856248736,0.023384619504213,0.029957069084048,0.061939213424921,-0.11651226133108,-0.18468917906284,0.091315500438213,-0.015944460406899,0.058510892093182,0.0047651827335358,-0.0074474429711699,0.050968449562788,-0.016217783093452,-0.062000140547752,0.060018755495548,0.059948951005936,0.075305350124836,0.059896476566792,-0.080563612282276,-0.088367447257042,-0.067783690989017,0.10376693308353,0.12614521384239,0.059603851288557,0.006684934720397,-0.036481354385614,0.0086669949814677,-0.22676654160023,-0.09595749527216,0.057767655700445,-0.040321715176105,0.061337765306234,-0.081641055643559,-0.038585335016251,-0.006078795529902,0.18040607869625,-0.11654686927795,-0.12627606093884,-0.04155358672142,0.13272070884705,0.022682094946504,0.043811414390802,-0.13173399865627,0.034102287143469,0.17213077843189,-0.017226081341505,-0.14962384104729,-0.098522990942001,0.033554889261723,0.094215348362923,-0.11795441061258,-0.021085109561682,0.013007225468755,-0.051667761057615,0.078860953450203,-0.14008319377899,0.069132372736931,-0.097882300615311,-0.034962121397257,-0.049715559929609,-0.11479958891869,-0.053010176867247,-0.18340034782887,0.025151509791613,0.084541641175747,0.018380494788289,0.045506834983826,-0.054206129163504,0.0033868097234517,0.068896487355232,-0.092776529490948,-0.11469347774982,-0.027941321954131,0.0014800596982241,-0.0027812421321869,0.10729382187128,-0.030838150531054,0.060582406818867,-0.083223722875118,-0.01998526789248,-0.053131058812141,-0.050733260810375
0.04056765511632,-0.22972330451012,-0.065218158066273,0.016012454405427,0.10590861737728,-0.022340508177876,-0.026327356696129,0.1256956756115,0.069928042590618,-0.049388539046049,0.072186924517155,0.11373929679394,0.023097069934011,-0.038249853998423,-0.0612170137465,0.0097113652154803,0.019282860681415,0.16122759878635,-0.065465785562992,0.15094634890556,0.082568116486073,0.00063281715847552,0.054664131253958,0.21554234623909,-0.089876510202885,-0.058001980185509,0.13764768838882,-0.10340670496225,-0.09907153993845,-0.042742744088173,-0.10502289235592,-0.062073666602373,0.08668527007103,0.10002858936787,-0.062272749841213,0.057001687586308,0.029052717611194,-0.11027725040913,-0.20185852050781,-0.041825357824564,0.1153450012207,0.011775271035731,-0.013570743612945,0.088599011301994,-0.14283922314644,-0.097824960947037,0.025533985346556,0.02189446054399,0.045983664691448,0.12110555917025,-0.02328716032207,-0.23047040402889,-0.060482129454613,0.054614257067442,0.09793458878994,0.03664593398571,0.010267154313624,-0.078826524317265,0.013210020959377,0.034077808260918,0.018099324777722,-0.019028013572097,-0.013492356985807,0.045464236289263,-0.04660377651453,-0.1149787902832,-0.074923142790794,0.0019595706835389,0.11287189275026,0.038086973130703,-0.075648486614227,-0.053452648222446,0.023293172940612,-0.10997947305441,-0.0028775485698134,0.025482811033726,0.017119843512774,0.21909329295158,-0.037748552858829,-0.14460375905037,-0.023024626076221,0.11078548431396,-0.067458726465702,-0.063564099371433,-0.010045005939901,0.2084725946188,0.064741335809231,0.074051216244698,-0.058671277016401,0.062372639775276,0.10955917090178,-0.01833532191813,-0.13717493414879,-0.088387623429298,-0.012112505733967,0.067047215998173,-0.1658508181572,-0.020100785419345,0.01990207657218,-0.058519080281258,0.076993636786938,-0.1262898594141,0.089527636766434,-0.092353045940399,0.1040697619319,-0.039261806756258,-0.082518354058266,-0.06241774559021,-0.16753140091896,0.0070863054133952,-0.062469258904457,0.052216537296772,0.14522534608841,-0.079908758401871,-0.054982729256153,-0.0076881358399987,0.044977862387896,-0.1416848897934,-0.066819556057453,0.022741213440895,0.016845058649778,0.052327532321215,-0.03820126503706,0.095341525971889,-0.12458443641663,0.01170420832932,-0.067182660102844,0.016277454793453
0.077874138951302,-0.22402572631836,-0.070020399987698,-0.013191839680076,0.083757162094116,0.0082974415272474,-0.059000477194786,0.072913326323032,0.0414456166327,-0.10012145340443,0.029674895107746,0.08475250005722,-0.028564883396029,-0.10444206744432,-0.12066356837749,0.05823564901948,-0.0091655002906919,0.15598498284817,-0.01242100354284,0.10313514620066,0.15328688919544,0.086014442145824,-0.012630315497518,0.17736607789993,-0.075796969234943,0.068292506039143,0.14507314562798,-0.14838616549969,-0.051181919872761,-0.0045001986436546,-0.10150241106749,-0.085380755364895,0.0020119526889175,0.058207847177982,0.080855958163738,0.0024093042593449,0.054908752441406,-0.081264562904835,-0.028316628187895,-0.1164982393384,0.025435019284487,0.05580285936594,0.026656843721867,0.13339923322201,-0.032757136970758,-0.12772414088249,0.079992584884167,0.02291265130043,-0.0045172441750765,0.084039092063904,-0.051650289446115,-0.23986971378326,0.027338726446033,0.077589467167854,0.11196514219046,-0.014586856588721,0.031328707933426,-0.035443101078272,-0.040632467716932,-0.1035293713212,0.095828644931316,-0.029698161408305,0.10976733267307,0.077199287712574,-0.064940512180328,-0.10804919153452,-0.045613948255777,-0.026116695255041,0.168915823102,-0.032820597290993,-0.097856059670448,-0.067686282098293,0.0095447571948171,-0.11226426810026,-0.090819396078587,-0.073228873312473,-0.014448369853199,0.16599009931087,0.0039285328239202,-0.081011787056923,0.089107744395733,0.21072082221508,-0.07809180021286,-0.11639105528593,0.032349050045013,0.083758108317852,0.017937941476703,0.10716532915831,0.014052515849471,0.060293883085251,0.16314782202244,0.030320823192596,-0.17589303851128,-0.025962708517909,0.017025098204613,0.099779821932316,-0.10361561924219,0.023355377838016,-0.016941927373409,-0.0534787774086,0.079865485429764,-0.12672334909439,0.024844788014889,-0.10715343058109,0.054445151239634,-0.045715097337961,-0.01601810567081,-0.1155641451478,-0.17037244141102,0.059098217636347,0.028819246217608,0.043090980499983,0.092484429478645,-0.045762151479721,0.0016902688657865,0.010767237283289,-0.012034132145345,-0.15011323988438,-0.11714149266481,-0.1313668191433,0.00084224430611357,0.079245030879974,0.10778573900461,-0.0073113418184221,-0.12273354828358,-0.010853718034923,-0.023826686665416,-0.052706990391016
0.18886417150497,-0.29180473089218,-0.10729576647282,0.025009239092469,0.097824968397617,-0.0026403553783894,-0.017589766532183,0.14444363117218,-0.002474632114172,-0.16738769412041,0.046946164220572,0.081422708928585,0.012008472345769,-0.0012517099967226,-0.10206238180399,-0.012770340777934,0.093768924474716,0.12463124096394,0.012296362780035,0.16021171212196,0.12752082943916,0.055017244070768,0.088512249290943,0.12825141847134,-0.090784974396229,-0.096335291862488,0.15438017249107,-0.063633538782597,-0.11994814127684,0.0082473205402493,-0.16154676675797,-0.11253283172846,0.089109502732754,0.1029202491045,-0.0095915189012885,-0.027057074010372,0.03271958604455,-0.10512588918209,-0.13464048504829,-0.13470973074436,-0.016578178852797,0.052850384265184,0.02471499145031,0.064240105450153,-0.11269378662109,-0.11482761800289,-0.040055342018604,0.011955684050918,0.048088397830725,0.21631060540676,-0.038624428212643,-0.1900429725647,0.037483658641577,0.10969953984022,0.056917667388916,-0.044838976114988,0.057311736047268,-0.079105280339718,-0.032440710812807,0.0055868006311357,0.074766874313354,0.02874374575913,0.032456025481224,0.0067609096877277,-0.084317788481712,-0.09193517267704,-0.083968937397003,-0.039913054555655,0.058888677507639,-0.034978974610567,-0.090143539011478,-0.13228563964367,-0.0096883093938231,-0.11147423833609,-0.11183874309063,0.001776768011041,0.12549036741257,0.028521928936243,0.0070401406846941,-0.036733090877533,0.016282688826323,0.0013946136459708,-0.066045917570591,-0.10218117386103,0.078214481472969,0.13683554530144,-0.045864664018154,0.031095555052161,-0.0020492875482887,0.11511012911797,0.17459160089493,-0.031218353658915,-0.17118735611439,0.014523533172905,0.03974225372076,0.060861736536026,-0.11334394663572,0.033728394657373,-0.038303010165691,-0.037749085575342,0.13185948133469,-0.038789924234152,0.081351965665817,-0.10420232266188,0.069997929036617,-0.036301609128714,0.028181659057736,-0.080185726284981,-0.14761446416378,0.0033408743329346,-0.0058249477297068,-0.015992959961295,0.15698011219501,-0.021392989903688,-0.030045757070184,0.029199389740825,0.12888316810131,-0.050371497869492,-0.047242276370525,0.0093758050352335,-0.059585805982351,-0.0066278735175729,0.027662571519613,0.019852505996823,-0.044425118714571,-0.047597862780094,0.054840832948685,-0.023018389940262
0.134905397892,-0.28510478138924,-0.092434577643871,-0.0038786663208157,0.12691634893417,0.028547776862979,-0.016666257753968,0.14612996578217,0.058697648346424,-0.076729722321033,0.07406610250473,0.064307495951653,0.030105022713542,-0.026356859132648,-0.041958786547184,0.036218699067831,0.080344215035439,0.18633611500263,-0.054195277392864,0.11275143921375,0.1266362965107,0.065066866576672,0.060556847602129,0.15092562139034,-0.10667585581541,-0.082736924290657,0.10503834486008,-0.11404606699944,-0.11402603238821,-0.036995481699705,-0.088606707751751,-0.049630295485258,0.040664933621883,0.10441250354052,-0.00038045522524044,0.046530943363905,0.042454946786165,-0.13645187020302,-0.10258603096008,-0.071998037397861,0.037739064544439,0.064739279448986,-0.041128490120173,0.043426502496004,-0.0866903886199,-0.12431497126818,-0.050758257508278,0.046795230358839,0.055894631892443,0.13476651906967,-0.043623294681311,-0.22363671660423,-0.028068318963051,0.069657206535339,0.010395423509181,-0.0041180900298059,0.052733678370714,-0.087978005409241,-0.029878869652748,0.052350152283907,0.054288059473038,0.01194451469928,0.0012539594899863,-0.0073940912261605,-0.073566429316998,-0.12679846584797,-0.068466871976852,0.047364067286253,0.11922582983971,0.0073271016590297,-0.058159559965134,-0.06782653927803,-0.0066674081608653,-0.146111369133,-0.1268313229084,-0.0034931362606585,0.050704095512629,0.13383047282696,-0.039684422314167,-0.11614156514406,0.018926233053207,0.09525404125452,-0.090593844652176,-0.086143836379051,0.013043943792582,0.19451558589935,0.027967324480414,0.03642501309514,-0.049757525324821,0.069483749568462,0.15902863442898,-0.0071441638283432,-0.16359707713127,-0.021492466330528,0.029477598145604,0.098685890436172,-0.15909837186337,-0.023904919624329,-0.060970824211836,0.0021980055607855,0.1235600784421,-0.11905167251825,0.03749031946063,-0.10451027750969,0.13558703660965,-0.050985556095839,-0.03139590844512,-0.133519500494,-0.15583428740501,0.053195379674435,-0.071650795638561,-0.0046819280833006,0.1585608869791,-0.051789365708828,-0.010584535077214,0.021237986162305,0.060937602072954,-0.1018146276474,-0.091233402490616,-0.019726496189833,-0.007766040507704,0.026573507115245,0.029015131294727,0.090856522321701,-0.08319828659296,-0.051116246730089,-0.041760731488466,-0.010576348751783
0.086440198123455,-0.21575447916985,-0.15331645309925,0.033981520682573,0.12116148322821,-0.062984794378281,0.017320223152637,0.10282368957996,-0.021775458008051,-0.10733883827925,0.014387657865882,0.13007755577564,0.076179653406143,0.10182562470436,-0.16927243769169,-0.051758486777544,0.11615703254938,0.12695036828518,-0.030054500326514,0.15234775841236,0.12431299686432,-0.1660068333149,0.12748484313488,0.1186061128974,-0.027064815163612,-0.17526656389236,0.083443611860275,-0.03805473446846,-0.14998692274094,0.042925570160151,-0.13897904753685,-0.073985382914543,0.099343404173851,0.029601747170091,-0.14605115354061,-0.032318145036697,-0.10132694244385,-0.075303718447685,-0.19815415143967,-0.075164370238781,-9.6137446234934e-05,0.066761992871761,0.019562013447285,0.035697158426046,-0.12924395501614,-0.048833169043064,-0.042403638362885,-0.036076366901398,0.062035042792559,0.11874058842659,-0.011593866162002,-0.14499297738075,0.00019554104073904,0.030941039323807,0.013967449776828,0.006492008920759,0.056803055107594,-0.0018585447687656,0.028198346495628,0.05005069449544,0.089702159166336,0.075215362012386,-0.017521519213915,0.028996847569942,-0.044747538864613,-0.1040737554431,-0.13242433965206,0.060293808579445,0.0053273816592991,-0.010996501892805,0.01646663248539,-0.044125184416771,-0.013397787697613,-0.16549824178219,-0.058116942644119,0.17345863580704,0.10084218531847,0.026710212230682,-0.03727214038372,-0.054799553006887,-0.18447494506836,-0.060194842517376,-0.034241504967213,-0.00060291704721749,-0.069520078599453,0.20588959753513,0.017693938687444,0.005979816429317,-0.034545414149761,-0.044749766588211,-0.0081206560134888,-0.072102516889572,-0.046850871294737,-0.045863479375839,0.029769785702229,-0.021996047347784,-0.11994939297438,0.029398526996374,-0.027042206376791,-0.032708622515202,0.093638561666012,-0.041648156940937,0.087943650782108,0.030608855187893,0.060284335166216,-0.018212400376797,-0.083578906953335,0.057660937309265,-0.14692588150501,-0.083336241543293,-0.066257521510124,-0.039833374321461,0.11252806335688,-0.0080659743398428,-0.077339321374893,0.082082897424698,0.029153333976865,0.013513969257474,0.020701818168163,0.14119134843349,-0.14488293230534,-0.005660476628691,-0.16369844973087,0.012192588299513,-0.081714391708374,0.034089576452971,-0.11836855858564,0.016879122704268
0.081406891345978,-0.28364992141724,-0.023564366623759,-0.01362984906882,0.13491803407669,-0.0091197714209557,-0.030858814716339,0.16933235526085,0.077532775700092,-0.11504349857569,0.054856032133102,0.10217576473951,0.0061612129211426,-0.063060902059078,-0.057801999151707,0.015672087669373,0.0041825571097434,0.14690528810024,-0.072651371359825,0.14570881426334,0.15085119009018,0.035967618227005,0.067498847842216,0.18438510596752,-0.078292161226273,-0.084577985107899,0.14320537447929,-0.08140204846859,-0.077535398304462,-0.048823405057192,-0.072009727358818,-0.11675874888897,0.08332297950983,0.11995818465948,-0.017849028110504,0.02432674728334,0.0013474457664415,-0.13592390716076,-0.15384867787361,-0.090857677161694,0.073489747941494,0.014610779471695,-0.0086468011140823,0.092949867248535,-0.092357099056244,-0.15134830772877,-0.042162965983152,0.0394934900105,0.054454669356346,0.15983204543591,-0.082684688270092,-0.23632179200649,-0.031838174909353,0.039896111935377,0.053621035069227,0.010737331584096,-0.010418524965644,-0.056633125990629,-0.0762894526124,0.040251523256302,0.04036171734333,-0.008471691980958,0.02076586522162,0.065686985850334,-0.055773381143808,-0.11676170676947,-0.11314252763987,-0.020220793783665,0.063394732773304,0.015942445024848,-0.087391093373299,-0.079603493213654,-0.018910985440016,-0.13482899963856,-0.079029187560081,-0.0035025244578719,0.080137096345425,0.13784198462963,-0.0070454399101436,-0.073980651795864,-0.0023657688871026,0.048338457942009,-0.043895155191422,-0.043890334665775,0.018728790804744,0.144322514534,0.039151776582003,0.097021676599979,-0.023021021857858,0.098358780145645,0.17413060367107,-0.017607800662518,-0.18079137802124,0.0006456368137151,0.020631071180105,0.090553723275661,-0.18950897455215,-0.0094569185748696,-0.044331230223179,-0.025705428794026,0.10882755368948,-0.13387535512447,0.019671730697155,-0.12946221232414,0.13541623950005,-0.018299844115973,-0.016828989610076,-0.10160414129496,-0.11585942655802,-0.008686363697052,-0.057536792010069,0.018758656457067,0.12339414656162,-0.023662999272346,0.0028995473403484,0.03234976157546,0.093775287270546,-0.06209234520793,-0.056983601301908,0.060716472566128,-0.00017117675452027,0.032322164624929,-0.033771265298128,0.065999954938889,-0.10223558545113,-0.0081636812537909,-0.0016420045867562,-0.0017072852933779
0.054009169340134,-0.11069762706757,-0.049793787300587,0.050096824765205,0.10595235228539,-0.058439694344997,0.066134363412857,0.084738202393055,-0.06592845916748,0.028793834149837,0.031509146094322,0.140410348773,0.061051454395056,-0.013877346180379,-0.041524175554514,-0.059219736605883,0.064255237579346,0.034848410636187,-0.10979353636503,0.11506327241659,-0.093242265284061,0.01576242223382,0.010300067253411,-0.016104329377413,-0.050754077732563,-0.026333497837186,0.011188771575689,0.063719548285007,-0.09783386439085,-0.032503459602594,-0.097121015191078,0.064338102936745,-0.036567691713572,-0.014462575316429,-0.15553726255894,-0.036813229322433,-0.16286291182041,-0.097864173352718,-0.16836880147457,0.081577219069004,0.12559098005295,0.046047300100327,-0.09037110209465,0.12447861582041,-0.1850139349699,0.021529851481318,-0.094513580203056,-0.0053206286393106,0.10822423547506,0.04357373341918,0.16893199086189,0.028677402064204,-0.19032406806946,-0.073942936956882,-0.046455651521683,-0.08262761682272,-0.098510265350342,-0.039021238684654,0.11989615857601,0.18405736982822,-0.0072762267664075,-0.071815490722656,-0.13316375017166,0.13968290388584,-0.044865604490042,-0.2384852617979,-0.019331907853484,0.051863860338926,0.03290643543005,0.0094789294525981,0.11768448352814,0.067524433135986,0.17452023923397,-0.016701146960258,-0.094940863549709,0.10520938038826,-0.055411741137505,0.040296066552401,-0.072165094316006,0.060020051896572,-0.011099804192781,-0.10901990532875,0.062413670122623,0.058542978018522,-0.015123886056244,0.0069307247176766,0.1538710296154,-0.013690267689526,-0.076839946210384,-0.085313320159912,-0.16987325251102,0.048015974462032,-0.090822771191597,-0.056162178516388,-0.10139925777912,-0.083100765943527,0.055277869105339,-0.17936505377293,-0.05293358489871,-0.087477475404739,-0.048303339630365,0.095580130815506,0.1267444640398,0.048539981245995,-0.028254088014364,-0.10149563103914,-0.088324688374996,0.17152714729309,0.021725120022893,0.023466126993299,0.034827630966902,-0.005403536837548,-0.037633176892996,0.045164875686169,-0.12790779769421,-0.087945155799389,-0.013115630485117,0.0070663704536855,-0.023358032107353,0.060292202979326,-0.075400970876217,0.044577974826097,-0.12739686667919,0.044924892485142,0.085905842483044,-0.085298240184784,-0.077065721154213,0.033600267022848
0.073798649013042,0.12968225777149,-0.09850550442934,-0.063521355390549,-0.0054791164584458,-0.020902771502733,0.095434077084064,-0.099985256791115,-0.014428931288421,-0.026679389178753,0.10043884068727,-0.02811280079186,0.017527541145682,0.13991114497185,0.076653122901917,0.038266818970442,0.040999937802553,-0.13745518028736,0.057855498045683,-0.13038067519665,-0.04035434871912,0.16278292238712,-0.05390964448452,-0.13621205091476,0.02493448369205,0.11298602819443,0.061066035181284,0.041282474994659,0.18161039054394,0.14161111414433,-0.012165809050202,0.1133376210928,0.0038779086899012,-0.059752199798822,-0.03597866371274,5.3709136409452e-05,0.059902552515268,0.10763338208199,0.19074818491936,0.17434501647949,-0.0037525496445596,0.068374127149582,-0.027940806001425,0.037680581212044,-0.036946751177311,0.14430728554726,-0.0026170336641371,-0.10318867862225,0.0044179796241224,-0.20900656282902,-0.036454010754824,0.20738293230534,-0.04887381196022,0.025088388472795,-0.07494692504406,0.033080615103245,-0.015314121730626,0.17566342651844,-0.11198857426643,0.16635401546955,-0.11950091272593,-0.15946958959103,0.13602493703365,-0.038299098610878,0.01887808740139,0.011236752383411,0.073713608086109,0.036901667714119,0.077648617327213,-0.0069367750547826,0.063051789999008,0.02184003405273,-0.031868956983089,0.046356495469809,0.097448915243149,-0.018144400790334,-0.039090856909752,-0.067696310579777,-0.15018823742867,0.02359239757061,0.094369061291218,0.036088924854994,0.054236609488726,0.011536093428731,-0.0021275896579027,-0.047415666282177,0.049365039914846,-0.1450396925211,-0.12749409675598,-0.07366618514061,0.0044929394498467,-0.090546302497387,-0.082794852554798,0.018268099054694,0.093033626675606,-0.078187189996243,0.058454606682062,-0.039506789296865,0.13790315389633,0.069536328315735,-0.1755845695734,0.037539266049862,0.053393393754959,0.16249364614487,-0.18405276536942,0.016733735799789,0.0072251916863024,0.11949323117733,0.09555347263813,-0.12123733013868,0.07263757288456,-0.061669360846281,-0.15365260839462,0.054473672062159,0.044881414622068,0.021376442164183,-0.0073892478831112,-0.061958223581314,0.063140116631985,0.0073599903844297,0.06330419331789,-0.0035967291332781,0.0036677995231003,0.068089328706264,0.063041716814041,-0.023114496842027,-0.0074616554193199,0.043569810688496
0.09248448163271,0.083777733147144,-0.053117442876101,0.10007216781378,0.049741920083761,0.054331067949533,0.02507727779448,0.0033944395836443,-0.028660451993346,0.047332819551229,0.16067948937416,0.024872176349163,0.090324357151985,-0.049653172492981,-0.0027573599945754,0.056228198111057,0.070520013570786,0.17648504674435,-0.12122614681721,0.095439292490482,0.092261999845505,-0.081766873598099,0.10548329353333,0.012802237644792,-0.022531984373927,-0.23234084248543,-0.11092783510685,-0.06724476069212,-0.089610107243061,0.084455475211143,-0.060873840004206,0.040483050048351,0.030060708522797,0.11913711577654,-0.054195120930672,0.015247990377247,0.0074804807081819,-0.066735297441483,-0.047093510627747,0.051715094596148,-0.064918614923954,-0.019289385527372,0.022623898461461,-0.034563913941383,-0.095455914735794,-0.077409543097019,0.045134138315916,-0.02193902246654,-0.042393017560244,0.1820484995842,0.13808134198189,-0.068111836910248,-0.23202215135098,0.050915814936161,-0.077275961637497,0.0012459576828405,0.018645325675607,-0.11246927082539,0.031598821282387,0.14548845589161,-0.0069641629233956,-0.020866153761744,-0.05099481344223,-0.1855004131794,0.079993046820164,-0.16445700824261,-0.058688800781965,-0.0096236523240805,-0.11400014162064,0.10434064269066,0.047489181160927,0.073482431471348,0.0042212721891701,-0.0064573655836284,-0.10115700960159,0.0056434134021401,0.090948507189751,0.072370864450932,-0.10063882172108,-0.064159795641899,-0.087528206408024,-0.083343617618084,-0.069635272026062,0.036762405186892,-0.111159093678,0.23423846065998,-0.042644120752811,-0.16704235970974,-0.024677354842424,0.027035169303417,-0.051461841911077,-0.15704733133316,-0.07592585682869,-0.063192062079906,0.011028517968953,-0.031583305448294,-0.14760279655457,0.013216107152402,-0.09175431728363,0.085839137434959,-0.0045378794893622,0.019032517448068,0.021619701758027,0.082360289990902,0.1689465790987,0.020409835502505,0.00014477639342658,0.10487575829029,-0.03361214697361,0.011828574351966,-0.20763626694679,-0.049030978232622,0.0769297555089,0.034226834774017,-0.042068969458342,-0.024967338889837,0.12212235480547,0.030581619590521,0.012534682638943,0.13089245557785,-0.044315852224827,0.037035826593637,-0.047707054764032,0.1902015209198,0.10325209051371,-0.076927162706852,0.032819420099258,0.025254733860493
