0.11595873534679,0.20357926189899,-0.030817300081253,0.070263423025608,0.024703783914447,0.12750968337059,-0.0094651998952031,-0.10637639462948,-0.10826648771763,-0.036410063505173,0.11724515259266,-0.016001930460334,0.017047243192792,-0.039150640368462,-0.0040843235328794,-0.024944422766566,-0.0076577845029533,0.045945763587952,0.00017788755940273,-0.038502540439367,0.10942349582911,0.010929361917078,-0.00032342187478207,-0.1645545065403,0.1610951423645,-0.076638862490654,-0.053879424929619,-0.0038162469863892,-0.0098334578797221,0.14764757454395,-0.015751490369439,0.0043197553604841,-0.023976918309927,0.011032018810511,0.085001051425934,-0.059537060558796,0.014277379959822,-0.046693332493305,0.19617250561714,-0.049961630254984,-0.03045541793108,-0.048221938312054,0.088151648640633,0.053932495415211,-0.11842542141676,0.027636693790555,0.075742438435555,-0.071013160049915,-0.10474392771721,-0.0044046407565475,0.12407720088959,0.20330452919006,-0.078317530453205,0.082285635173321,-0.038612186908722,-0.082621388137341,0.030639028176665,-0.1000748872757,-0.035295624285936,-0.049135595560074,-0.015640897676349,-0.10731732100248,0.05706075578928,-0.083236441016197,0.028715001419187,-0.056588187813759,0.016248248517513,0.038977388292551,-0.020362053066492,0.086962781846523,0.10731121152639,0.060060497373343,-0.014958137646317,-0.11341509222984,-0.011767282150686,0.0095926178619266,-0.063130557537079,-0.056969337165356,-0.073613308370113,0.19146808981895,-0.030220383778214,-0.017014993354678,0.12573900818825,0.10690834373236,-0.015721075236797,0.060204621404409,-0.017369817942381,-0.084754012525082,0.0039958809502423,0.015559192746878,-0.065015092492104,-0.13901336491108,-0.089706711471081,0.027454566210508,-0.15081179141998,-0.22228962182999,0.013600928708911,0.080563448369503,-0.042080286890268,-0.058802798390388,-0.01732836663723,0.18235932290554,0.08021903783083,0.10803727805614,0.0039794920012355,0.033709265291691,0.074433982372284,0.2666417658329,0.050021387636662,-0.02195592597127,-0.016614010557532,-0.11203253269196,-0.16085675358772,0.098118185997009,0.023282710462809,-0.037571046501398,-0.066514827311039,0.021203845739365,0.05930969491601,0.038334354758263,0.025712536647916,-0.014451619237661,0.015329092741013,0.0097847608849406,0.23395493626595,-0.065844036638737,0.22795705497265,0.095136322081089
0.050963640213013,0.13526383042336,-0.062546662986279,-0.012677018530667,0.031600065529346,0.092677392065525,-0.018067352473736,-0.13893729448318,-0.045085217803717,0.035402603447437,0.090202473104,0.035908490419388,0.050146471709013,-0.081491008400917,-0.035501949489117,-0.013027344830334,-0.09220565110445,0.056200560182333,-0.00028919515898451,-0.023755449801683,0.086222507059574,0.10903752595186,-0.07984035462141,-0.080994375050068,0.070686355233192,-0.016290500760078,0.0016064317896962,0.0017091352492571,0.0045920661650598,0.24302063882351,-0.066922813653946,-0.069834873080254,-0.0030990012455732,-0.034388396888971,0.14905515313148,-0.072551473975182,0.0078559974208474,-0.14039008319378,0.1809084713459,-0.042118344455957,-0.052817817777395,-0.081698283553123,0.10144627839327,0.12057963013649,-0.069604240357876,-0.018950624391437,0.046722393482924,0.036418709903955,-0.023887438699603,-0.0028421338647604,0.12682363390923,0.11723493039608,-0.015704149380326,0.039532169699669,0.0023523459676653,-0.03556939214468,-0.034987039864063,-0.078198172152042,-0.082283042371273,-0.024049112573266,-0.0073300860822201,-0.11495080590248,0.097126804292202,0.048061933368444,-0.027351561933756,-0.11868467181921,-0.014583427459002,0.011706226505339,-0.017594853416085,-0.063116438686848,0.088907159864902,-0.00065735407406464,-0.010298775509,-0.20082153379917,-0.036433823406696,0.07514151930809,-0.080718278884888,-0.083573244512081,-0.0072610075585544,0.22488933801651,0.13353911042213,-0.024559555575252,0.13138845562935,0.18824729323387,-0.020842459052801,0.02921200171113,-0.00077975919703022,-0.06210670620203,0.043557964265347,0.075818449258804,-0.11682607233524,-0.099187627434731,-0.078983046114445,0.11519335210323,-0.23310303688049,-0.18371587991714,-0.063376314938068,0.023193301633,0.00025633024051785,-0.088827773928642,0.13394023478031,0.16904449462891,0.055779438465834,-0.028716890141368,0.0013898260658607,0.0045557040721178,0.063922822475433,0.15958072245121,-0.025414073839784,0.096771620213985,0.06159482896328,-0.15682378411293,-0.12936834990978,0.086360551416874,-0.075306825339794,0.058862760663033,-0.085397444665432,0.13181617856026,-0.073556564748287,0.0023655313998461,0.037304989993572,-0.1046444773674,0.012386681511998,-0.088306069374084,0.1085863634944,0.035933200269938,0.12521351873875,0.089017689228058
0.00083816592814401,0.18215462565422,0.10927619040012,0.045602072030306,-0.05248225107789,0.15886667370796,-0.10928446054459,-0.055298924446106,0.073222748935223,-0.068804413080215,0.12069638818502,-0.041135028004646,-0.1321988850832,-0.091335169970989,0.022706119343638,-0.092213578522205,-0.10056693851948,0.066947087645531,0.015354837290943,-0.16371838748455,0.063102148473263,0.14596389234066,-0.024331275373697,-0.052297368645668,0.12811322510242,-0.09602976590395,0.06885002553463,0.057493295520544,-0.0026142476126552,0.02120853587985,0.071686647832394,-0.21442833542824,-0.0075209722854197,-0.018220389261842,0.10788261890411,0.002798191504553,0.020488530397415,-0.15379375219345,0.082292392849922,0.10672049224377,0.02867747284472,0.011288927868009,-0.026273552328348,0.056703303009272,-0.065636090934277,-0.10545602440834,0.01886136084795,-0.083486773073673,0.013081217184663,0.025531277060509,0.10358045250177,0.20685191452503,-0.062794029712677,0.069646030664444,-0.072564840316772,-0.00034394691465423,0.043536607176065,-0.12171813845634,-0.066498562693596,-0.061449360102415,-0.045592773705721,-0.086731396615505,0.038901194930077,-0.023043865337968,-0.010593895800412,-0.10951356589794,0.12935835123062,-0.056770287454128,0.037929221987724,0.24812953174114,0.094957157969475,0.059081174433231,0.049897868186235,-0.061215352267027,0.020159032195807,-0.048025600612164,-0.15151634812355,0.013335012830794,-0.11371496319771,0.071450129151344,0.001130758668296,0.13216087222099,0.17459328472614,0.12308172881603,0.051677204668522,0.058242872357368,0.003476191079244,-0.031066184863448,-0.056689102202654,0.028657829388976,-0.046617072075605,-0.10191063582897,-0.040042605251074,-0.0037741179112345,-0.064247094094753,-0.21725744009018,-0.055580262094736,0.0053388779051602,-0.03677199780941,0.02255842462182,-0.038041833788157,0.11714139580727,0.056131143122911,-0.047960460186005,0.086956150829792,0.020193319767714,0.11970341950655,0.024821465834975,-0.046556364744902,0.043628722429276,0.018809843808413,-0.10838094353676,-0.036439977586269,0.07435816526413,-0.0010398579761386,-0.041738457977772,-0.0081537608057261,0.0028032348491251,0.055985722690821,-0.054760843515396,0.095758996903896,-0.0085316644981503,-0.0066107506863773,-0.050961099565029,0.19518506526947,-0.022520555183291,0.21946182847023,0.17536747455597
0.040848053991795,0.16117314994335,0.038206025958061,0.10989051312208,-0.0051990952342749,0.16500793397427,-0.12823386490345,-0.26071661710739,0.03990488126874,-0.079314708709717,0.059809893369675,-0.0062669455073774,-0.11945551633835,-0.021102411672473,0.0013518747873604,-0.088823668658733,-0.026482883840799,0.060582440346479,0.041889432817698,-0.11883384734392,-0.014396484009922,0.092575199902058,-0.022594707086682,-0.041508514434099,0.16421689093113,-0.11287894099951,-0.0042057386599481,0.087064668536186,-0.068146847188473,0.085098497569561,0.090433351695538,-0.057455524802208,-0.045798994600773,-0.051262974739075,0.11875829100609,0.030702775344253,-0.007215516641736,-0.18625156581402,0.17080000042915,0.015940047800541,0.0091009782627225,-0.021163657307625,-0.013431223109365,-0.090318873524666,-0.016192900016904,-0.003243244253099,-0.021125888451934,0.014393489807844,0.0038636273238808,-0.016636991873384,0.099029712378979,0.22520337998867,0.11247040331364,0.0058614211156964,-0.098503209650517,-0.035970903933048,0.027718678116798,-0.070535771548748,-0.074411772191525,-0.0079011125490069,-0.024576792493463,0.077479608356953,0.038506060838699,-0.070021942257881,-0.032627079635859,0.011136061511934,0.094237208366394,0.0095520345494151,-0.089389979839325,0.16844184696674,0.10382297635078,0.019763195887208,-0.000888783542905,-0.090150311589241,0.016268057748675,0.03486405685544,-0.089772880077362,-0.15254454314709,-0.086472824215889,0.14429087936878,0.02991009503603,0.10161173343658,0.1203405931592,0.080068647861481,0.021098393946886,0.052251387387514,-0.078632608056068,-0.08948653191328,-0.12330313026905,0.054795406758785,-0.0473453104496,-0.075732678174973,0.089745476841927,0.10962004959583,-0.10725155472755,-0.17290799319744,-0.03770149871707,-0.029938591644168,0.0028654460329562,-0.037466119974852,0.07832382619381,0.11955395340919,-0.010343354195356,-0.012529799714684,0.07524311542511,0.05523693934083,0.13912214338779,0.03728886321187,-0.076696142554283,0.12591332197189,0.055009964853525,-0.13095892965794,0.019695375114679,0.084863923490047,-0.05849551782012,-0.030664445832372,-0.13711777329445,0.14193710684776,0.04473565518856,-0.012860673479736,0.071021437644958,-0.093919515609741,-0.036855384707451,-0.13128253817558,0.18610733747482,0.059355746954679,0.13929997384548,0.074852868914604
0.026098284870386,0.14669178426266,-0.06968866288662,-0.038270935416222,-0.026001242920756,0.11008243262768,-0.15705494582653,-0.15018956363201,-0.04714022949338,-0.021449660882354,0.1383209079504,-0.034585893154144,0.026064965873957,0.048683628439903,0.037836488336325,-0.022059453651309,-0.023686826229095,0.0097316298633814,0.091417722404003,-0.086058467626572,0.033921867609024,0.11556548625231,0.034884836524725,-0.14887799322605,0.11615224182606,0.022611647844315,0.098946966230869,0.024224599823356,0.007242432795465,0.12195216119289,0.027605267241597,-0.063753791153431,0.091372482478619,-0.058213260024786,0.083484463393688,0.011640787124634,0.043572083115578,-0.056255210191011,0.24019256234169,0.046303782612085,-0.04617964476347,-0.04506079480052,0.019646819680929,0.031930666416883,-0.10247944295406,-0.008987826295197,0.034983728080988,-0.026513554155827,-0.044089559465647,-0.062842480838299,0.036033768206835,0.1974151879549,0.051290675997734,0.087309300899506,-0.12064587324858,-0.017954872921109,0.084254011511803,-0.076451703906059,-0.099841400980949,-0.033491306006908,-0.091383971273899,-0.072961054742336,0.10837069153786,-0.010599520988762,-0.035551156848669,0.018149623647332,0.046541094779968,0.085107579827309,0.028368094936013,0.014706895686686,0.077174291014671,-0.046733878552914,-0.056782744824886,-0.17549732327461,0.10350372642279,0.023105915635824,-0.14350818097591,-0.15060852468014,-0.087273143231869,0.19802503287792,0.037460278719664,0.012817747890949,0.1524867862463,0.13914395868778,-0.027563620358706,0.10254883766174,-0.018312828615308,-0.089583002030849,-0.043817851692438,0.0034421773161739,-0.066643677651882,-0.10811638087034,-0.015202295035124,0.1405463218689,-0.12137585878372,-0.22222965955734,-0.088794752955437,0.098900765180588,-0.019859030842781,-0.068256229162216,0.024143783375621,0.11105710268021,0.051391303539276,0.033970702439547,0.044304452836514,0.058866795152426,0.095117650926113,0.12027402967215,0.0079922331497073,-0.027466982603073,0.012408867478371,-0.14251862466335,-0.077776163816452,0.09208407253027,-0.046206634491682,0.013270092196763,-0.11522438377142,0.049333423376083,0.060716107487679,0.0099205709993839,0.099594555795193,-0.14722110331059,-0.021756330505013,-0.092048548161983,0.14265348017216,0.013247670605779,0.14717924594879,0.17922534048557
-0.004318474791944,0.19125920534134,0.024541977792978,-0.00094321992946789,0.011088276281953,0.054792996495962,-0.099550575017929,-0.16372366249561,0.084840878844261,-0.032268438488245,0.083011269569397,-0.049624212086201,-0.034611955285072,0.028599061071873,0.033081207424402,-0.085325926542282,-0.0093888621777296,0.111302934587,-0.011270905844867,-0.10031615197659,0.0589704439044,0.10736482590437,-0.037775713950396,-0.14984306693077,0.11994116008282,-0.080373883247375,-0.015669340267777,0.099199511110783,0.0028486766386777,0.14195814728737,0.040960140526295,-0.03444192931056,0.10583201050758,-0.032877676188946,0.17692655324936,-0.015881868079305,0.10562983155251,-0.075369857251644,0.16607266664505,-0.072473593056202,5.6830722314771e-05,-0.013916889205575,0.082933522760868,0.014515190385282,-0.065824113786221,0.0065247761085629,-0.0077713867649436,0.0047235460951924,-0.010194207541645,-0.059759080410004,0.016630876809359,0.19393830001354,0.046888936311007,0.060014795511961,-0.069638542830944,-0.01594646833837,0.016709374263883,-0.17542116343975,-0.11209716647863,-0.087055087089539,-0.035137195140123,-0.070543259382248,-0.0014072858029976,0.034928180277348,-0.042771488428116,0.0086105968803167,0.029581490904093,0.037129830569029,-0.0076865185983479,0.067954823374748,0.12278635054827,-0.10404112935066,-0.0032843458466232,-0.19635054469109,0.017556805163622,0.037264466285706,-0.13792455196381,-0.12187204509974,-0.060329932719469,0.063099265098572,0.016590548679233,0.13309976458549,0.10911267250776,0.15944240987301,0.068372957408428,0.063412673771381,-0.059598527848721,-0.037761710584164,-0.01587974652648,0.099223852157593,-0.049735069274902,-0.12442199885845,-0.0015004329616204,0.039078392088413,-0.12965099513531,-0.2229538410902,-0.10828422009945,0.065454438328743,-0.047601606696844,-0.056641131639481,0.083259306848049,0.12327172607183,0.084777057170868,-0.031414106488228,0.055017810314894,0.027475399896502,0.11870340257883,0.085131533443928,0.025674061849713,0.049389738589525,0.0076731280423701,-0.19488631188869,-0.13682100176811,0.11556751281023,-0.050098516047001,-0.057894594967365,-0.091722413897514,0.017030593007803,0.040156867355108,-0.03596905246377,0.10899887233973,-0.039153419435024,-0.034933663904667,-0.048260271549225,0.19344645738602,-0.051405776292086,0.20909374952316,0.1148834079504
0.033336482942104,0.15548610687256,-0.047953329980373,0.010193693451583,-0.016363186761737,0.16302345693111,-0.15855993330479,-0.20594269037247,-0.0085392855107784,-0.024176839739084,0.064495585858822,-0.080420814454556,-0.04499963670969,-0.013339238241315,0.025470890104771,-0.10197679698467,0.018014330416918,0.050673522055149,0.087010972201824,-0.099686048924923,-0.033449847251177,0.12642565369606,-0.041635800153017,-0.084553696215153,0.080028757452965,-0.049373239278793,-0.010343835689127,0.038323070853949,-0.0027538400609046,0.066647320985794,0.081399902701378,-0.037668254226446,-0.042312294244766,-0.083413928747177,0.13315452635288,0.074197642505169,0.012578069232404,-0.18881015479565,0.17786763608456,0.031584858894348,-0.01593704149127,-0.038411974906921,-0.097800724208355,-0.03011941164732,-0.0086080227047205,0.11575666069984,-0.0026083253324032,0.099214933812618,-0.034293811768293,-0.086505830287933,0.028003115206957,0.27701905369759,0.1253454387188,-0.022837916389108,-0.15716797113419,-0.036565784364939,0.069192320108414,-0.11120542883873,-0.043876104056835,-0.0060685989446938,-0.00065429729875177,0.11137659847736,0.051607269793749,-0.012250100262463,-0.080472074449062,-0.066071793437004,0.12996491789818,0.067370772361755,0.041386246681213,0.11442892998457,0.08731684833765,-0.042036790400743,-0.029243541881442,-0.12135099619627,0.0017681648023427,0.011186278425157,-0.15520794689655,-0.066282115876675,-0.063040181994438,0.14033375680447,0.039969548583031,0.12082992494106,0.062887117266655,0.074513971805573,0.042283594608307,0.090350806713104,-0.054506674408913,-0.10479813069105,-0.12134322524071,0.025143785402179,0.0024615726433694,-0.0011613895185292,0.076738387346268,0.11801511049271,-0.11059236526489,-0.19088132679462,-0.0079698478803039,-0.014895334839821,-0.027307381853461,-0.078057244420052,0.11674474924803,0.15965342521667,0.0020928417798132,-0.039828792214394,0.035860899835825,0.044783670455217,0.11456952244043,0.040224179625511,-0.036153845489025,0.17136837542057,0.093198321759701,-0.15650473535061,-0.040410302579403,0.028432339429855,-0.10168153047562,-0.01150709670037,-0.17647187411785,0.016037046909332,0.027397140860558,-0.056991476565599,0.052821300923824,-0.12582525610924,-0.028306398540735,-0.088838040828705,0.10910566151142,0.019751576706767,0.067109026014805,0.073515877127647
0.014615400694311,0.16760617494583,-0.044715575873852,0.03111488558352,-0.046059358865023,0.060858357697725,-0.1472415626049,-0.14251485466957,-0.01016282569617,-0.021112199872732,0.1095367372036,-0.045578718185425,-0.019896324723959,0.024235457181931,-0.010759342461824,-0.089650437235832,0.036712292581797,0.1185594201088,0.11552701890469,-0.049902018159628,0.05542204156518,0.054874163120985,0.027539452537894,-0.099991172552109,0.11512657999992,-0.057668253779411,0.062627919018269,0.034264769405127,0.0018168577225879,0.15038067102432,0.021584007889032,-0.12086614221334,0.14082245528698,-0.08407162129879,0.15688432753086,-0.019394999369979,0.032466366887093,-0.053494948893785,0.13351930677891,-0.061816588044167,-0.097569689154625,-0.014667215757072,0.024243224412203,0.081097349524498,-0.10854443907738,0.0030827824957669,0.043061826378107,-0.026027489453554,-0.036895286291838,-0.035455998033285,0.057997822761536,0.21728371083736,0.080877169966698,0.046772766858339,-0.085628062486649,-0.014590475708246,0.073809742927551,-0.1451518535614,-0.042017191648483,-0.098832294344902,-0.043764173984528,-0.070092126727104,0.068159870803356,0.0052466038614511,-0.011346780695021,-0.062208335846663,0.03435755521059,-0.019736379384995,-0.029076296836138,0.057369858026505,0.097900927066803,-0.10625708848238,-0.033085905015469,-0.20642507076263,-0.0011524714063853,0.0098505103960633,-0.11932052671909,-0.092995963990688,-0.045994777232409,0.13752992451191,-0.05127264559269,0.041236065328121,0.086782597005367,0.12087449431419,0.06849516928196,0.041647478938103,-0.097332499921322,-0.080760203301907,0.013142343610525,0.044799320399761,-0.090980179607868,-0.081111684441566,-0.0020594112575054,0.058281444013119,-0.067854791879654,-0.24437807500362,-0.059747505933046,0.12448827922344,-0.059537023305893,-0.089192509651184,0.067766726016998,0.19140800833702,0.087391808629036,-0.031790997833014,0.03577733412385,0.041119135916233,0.16888941824436,0.057203106582165,0.057825483381748,0.025092795491219,0.011915822513402,-0.18287771940231,-0.069638527929783,0.082644768059254,-0.065764471888542,-0.016397338360548,-0.057844843715429,-0.024410776793957,0.067814618349075,-0.010468317195773,0.042417570948601,-0.11796864122152,-0.065252996981144,-0.10164245218039,0.17647671699524,-0.0058438940905035,0.22573071718216,0.14113545417786
0.0071465745568275,0.17755456268787,0.044623363763094,0.085486881434917,-0.052950449287891,0.050284694880247,-0.12558269500732,-0.24598343670368,0.088046178221703,-0.12538902461529,0.11549524962902,-0.014880264177918,-0.073849245905876,0.02254132181406,-0.018589479848742,-0.11703096330166,-0.05782825499773,0.054422348737717,0.028950182721019,-0.037464793771505,0.037696421146393,0.070721298456192,-0.0004351576208137,-0.063398778438568,0.12927867472172,-0.062011934816837,0.014707618393004,0.070199884474277,0.0062637194059789,0.13682869076729,0.067929290235043,-0.077948160469532,0.10312628746033,-0.060031495988369,0.14938196539879,0.012206730432808,0.024773344397545,-0.011330651119351,0.11575315892696,-0.043416168540716,-0.033482447266579,-0.007463769055903,-0.0024743273388594,0.029596084728837,-0.080013193190098,-0.017408166080713,0.01730246283114,-0.028891786932945,0.0026912167668343,-0.021374706178904,-0.0055883652530611,0.22792761027813,0.11710055172443,0.047027241438627,-0.044192429631948,-0.019253011792898,-0.0079419128596783,-0.077116169035435,-0.10017734020948,-0.09221987426281,-0.082683682441711,-0.046814281493425,0.099675454199314,0.020363146439195,-0.023044008761644,0.020878402516246,0.091284692287445,-0.067573331296444,-0.076798170804977,0.095717824995518,0.089906826615334,-0.10779319703579,0.014386435039341,-0.097819335758686,0.052797343581915,-0.035300381481647,-0.11736473441124,-0.18380469083786,-0.066384673118591,0.16395224630833,0.018649999052286,0.074610978364944,0.071514524519444,0.063429236412048,0.079490423202515,0.01148334518075,-0.098327629268169,-0.076180025935173,-0.057050492614508,0.07833893597126,-0.0067687733098865,-0.12231161445379,0.048020929098129,0.061196036636829,-0.083993509411812,-0.23981474339962,-0.093397587537766,0.058746822178364,0.032983992248774,-0.06403399258852,0.034704800695181,0.14664146304131,0.06228269636631,-0.035807073116302,0.024147557094693,0.083945296704769,0.19601020216942,0.074062988162041,0.071554653346539,0.027062639594078,0.044242508709431,-0.1268210709095,-0.10675213485956,0.10920912027359,-0.056909140199423,-0.023224717006087,-0.062038011848927,0.030200993642211,0.098234154284,-0.0064926594495773,0.067014291882515,-0.071096755564213,-0.076808042824268,-0.084752447903156,0.17977377772331,0.02294541709125,0.25148469209671,0.12196817994118
0.0024912692606449,0.19377474486828,0.017035229131579,0.017302891239524,-0.045880641788244,0.19747367501259,-0.067247174680233,-0.13513605296612,0.041028197854757,-0.086646601557732,0.090887412428856,-0.021735653281212,-0.016049405559897,-0.052593588829041,-0.011550320312381,-0.10166002064943,-0.10087008029222,0.1117320433259,-0.014263669028878,-0.16904813051224,0.12809939682484,0.097864635288715,-0.053112208843231,0.022750800475478,0.13326078653336,-0.14645367860794,0.0071879979223013,-0.011607471853495,-0.023219130933285,0.17466643452644,0.09140794724226,-0.16306573152542,-0.0050044152885675,-0.007626524195075,0.14796836674213,-0.015770778059959,-0.026784913614392,-0.1917392462492,0.083100557327271,0.038739964365959,-0.0078963115811348,-0.043903030455112,0.050773534923792,0.14689692854881,-0.046987343579531,-0.090506888926029,0.059897989034653,-0.017900681123137,-0.063267774879932,-0.022016225382686,0.10469096899033,0.08178623020649,0.038390312343836,0.008525607176125,-0.069290578365326,0.074100278317928,-0.037188183516264,0.0075138043612242,-0.023479664698243,-0.090689323842525,-0.056048456579447,-0.011666970327497,0.083528339862823,-0.034768398851156,-0.010831092484295,-0.096043668687344,0.072574682533741,-0.071140885353088,-0.080412663519382,0.12464786320925,0.090147390961647,-0.023296304047108,-0.009736848063767,-0.20453993976116,-0.018525550141931,0.02262250892818,-0.13670840859413,-0.096149317920208,-0.083574086427689,0.16006679832935,0.018639585003257,0.049177441745996,0.11466241627932,0.10670903325081,-0.053901508450508,0.080224297940731,-0.0015224163653329,-0.16931183636189,-0.083136700093746,0.072330191731453,-0.072079077363014,-0.17321975529194,-0.025629565119743,-0.015804102644324,-0.11671251058578,-0.13730551302433,-0.11653623729944,0.04713362455368,-0.028127023950219,0.024897824972868,0.056259986013174,0.16500250995159,0.053487829864025,-0.0048381597734988,0.0036899789702147,0.023769257590175,0.046872053295374,0.082227990031242,-0.11094599217176,0.036390043795109,0.060472555458546,-0.16178628802299,-0.10574189573526,0.030293717980385,-0.061944387853146,0.055579017847776,-0.058723721653223,0.060030002146959,0.051657188683748,0.028451684862375,0.096577621996403,-0.11961542069912,-0.078324988484383,-0.075847983360291,0.13204064965248,0.021147802472115,0.12250942736864,0.12254650145769
0.039421897381544,0.14284624159336,-0.060934405773878,0.027227206155658,0.011178787797689,0.082519322633743,-0.11874365061522,-0.20513345301151,0.093121685087681,-0.038493014872074,0.15018385648727,-0.0073503591120243,-0.058924198150635,-0.059649359434843,-0.010306101292372,-0.0064685754477978,-0.059802427887917,0.027372831478715,0.048082012683153,-0.061310771852732,0.052811276167631,0.13495317101479,-0.054659549146891,-0.088757090270519,0.11589292436838,-0.0082962336018682,0.10014630109072,-0.001555631053634,0.020757742226124,0.17448566854,0.029253920540214,-0.056088857352734,0.073028847575188,-0.055377397686243,0.14117194712162,0.042784191668034,0.050814595073462,-0.14716064929962,0.17850337922573,-0.015157967805862,-0.019738808274269,-0.087620489299297,0.0010733613744378,0.074540123343468,-0.030249608680606,0.081908129155636,0.019529532641172,0.016875471919775,-0.022828280925751,-0.080288641154766,0.023212358355522,0.23944516479969,0.050630513578653,0.0062315161339939,-0.054722521454096,-0.0017896789358929,-0.015027930028737,-0.12491143494844,-0.16020777821541,0.038614325225353,-0.044172320514917,-0.1290053576231,0.11833417415619,0.024375373497605,-0.0056240796111524,-0.10357019305229,0.028065949678421,0.040550008416176,0.046977862715721,0.088410533964634,0.066936127841473,-0.058293547481298,-0.078028753399849,-0.22150848805904,0.026751343160868,0.028161870315671,-0.090572260320187,-0.0039337263442576,-0.12763434648514,0.16347579658031,0.069872558116913,0.08514116704464,0.07059919834137,0.13612997531891,0.0040069441311061,0.093254283070564,-0.036716993898153,-0.073351219296455,-0.093556091189384,0.090925052762032,-0.028000196442008,-0.091983772814274,-0.083835542201996,0.13995170593262,-0.12954723834991,-0.17004634439945,-0.087785921990871,-0.037168573588133,0.066799178719521,-0.080340325832367,0.098848767578602,0.083312407135963,0.0059316963888705,-0.075907081365585,0.061350632458925,0.033491358160973,0.12935543060303,0.10038299113512,-0.018472734838724,0.075758308172226,0.01018925756216,-0.16582468152046,-0.092014104127884,0.053446564823389,-0.0077220536768436,0.0065741133876145,-0.12840369343758,0.025453049689531,0.034938208758831,0.01725053973496,0.094325184822083,-0.054980557411909,-0.009181497618556,-0.018601801246405,0.16383548080921,0.034902393817902,0.19143404066563,0.10560256242752
-0.0072637284174562,0.16563875973225,-0.01297162938863,0.055057961493731,-0.024435203522444,0.13076293468475,-0.14822606742382,-0.18510691821575,0.044200051575899,-0.053490720689297,0.079160943627357,-0.0054116630926728,-0.08812615275383,-0.04669376835227,-0.010981557890773,-0.078079514205456,-0.06042467430234,0.10818096250296,0.080615229904652,-0.12010988593102,0.05074306204915,0.075595110654831,-0.0013642838457599,-0.10677348822355,0.14837597310543,-0.072919294238091,0.043360706418753,0.0022956905886531,-0.067878641188145,0.12397014349699,0.063604816794395,-0.085254170000553,0.084600701928139,-0.05298675224185,0.15831461548805,0.0019377067219466,0.037281829863787,-0.16212679445744,0.15769624710083,-0.022546526044607,-0.0029724719934165,-0.057347271591425,0.041685774922371,0.033908348530531,-0.073997870087624,-0.011810790747404,0.052510317414999,-0.048998206853867,-0.041744746267796,-0.029108574613929,0.072041101753712,0.18093459308147,0.096964985132217,0.045261770486832,-0.076490253210068,0.010159462690353,0.072796076536179,-0.1510892957449,-0.089019402861595,-0.057184621691704,-0.033792566508055,-0.033880043774843,0.053080331534147,-0.026450956240296,0.016028672456741,-0.05097122117877,0.037487890571356,-0.011229078285396,-0.02828991599381,0.13762064278126,0.087965816259384,-0.051073126494884,-0.041282583028078,-0.18429046869278,0.016310460865498,0.044486589729786,-0.13587912917137,-0.099039606750011,-0.10682852566242,0.1215919777751,-0.045623224228621,0.097775809466839,0.11231922358274,0.14808720350266,-0.0011472300393507,0.098917342722416,-0.056276958435774,-0.086108706891537,-0.07082961499691,0.053176667541265,-0.077642776072025,-0.09383911639452,-0.0032050902955234,0.050043873488903,-0.10242173075676,-0.18079288303852,-0.085185311734676,0.076832413673401,-0.031006768345833,-0.043409179896116,0.068367831408978,0.11570139974356,0.044024392962456,-0.041605778038502,0.099767632782459,0.031624838709831,0.13279275596142,0.077522069215775,-0.073515713214874,0.074382364749908,-0.010017491877079,-0.18694584071636,-0.04365848377347,0.032501682639122,-0.045418780297041,-0.029070891439915,-0.084086693823338,0.020980633795261,0.092582203447819,-9.8010234069079e-05,0.12108734995127,-0.08832635730505,-0.03183326125145,-0.10950557887554,0.19412340223789,0.009816805832088,0.21330252289772,0.15078581869602
-0.010635471902788,0.16494491696358,-0.017783612012863,0.027145460247993,-0.062138069421053,0.11677123606205,-0.17278391122818,-0.16435754299164,-0.011222636327147,0.001761942054145,0.10896372795105,-0.026514712721109,-0.045836966484785,-0.046232663094997,-0.0080476114526391,-0.059424687176943,-0.056192677468061,0.1230845451355,0.098621293902397,-0.08008686453104,0.041427660733461,0.08903194218874,0.016939230263233,-0.084483437240124,0.096129439771175,-0.036892913281918,0.078370995819569,-0.010721032507718,-0.054758839309216,0.13210810720921,0.010081633925438,-0.13965804874897,0.10227452218533,-0.055520098656416,0.17425014078617,0.010812859982252,0.026061829179525,-0.13138428330421,0.12853315472603,-0.01668912731111,-0.084242887794971,-0.075991541147232,0.021840747445822,0.080782800912857,-0.082035563886166,0.012375751510262,0.074138358235359,-0.011234022676945,-0.074276588857174,0.00082108372589573,0.10833851248026,0.17466969788074,0.059116497635841,0.047108087688684,-0.065988548099995,0.0055325627326965,0.075479827821255,-0.17009668052197,-0.045240480452776,-0.066620022058487,-0.022648874670267,-0.054029028862715,0.067360654473305,0.002589053940028,0.021215911954641,-0.10979657620192,0.022440005093813,-0.0044137262739241,-0.021692615002394,0.12379348278046,0.085889041423798,-0.074804313480854,-0.034991838037968,-0.21145081520081,0.00017918695812114,0.029015557840466,-0.14955808222294,-0.058319602161646,-0.066544428467751,0.13789772987366,-0.011524567380548,0.051690641790628,0.085358925163746,0.13583998382092,-0.021024405956268,0.073313511908054,-0.068097338080406,-0.096123173832893,-0.022969882935286,0.08232519030571,-0.10498095303774,-0.076327808201313,-0.0084465611726046,0.065076380968094,-0.12364874780178,-0.17872303724289,-0.076829425990582,0.092692367732525,-0.023633608594537,-0.073928020894527,0.097004853188992,0.17183145880699,0.039691779762506,-0.080176584422588,0.1074797436595,0.015637384727597,0.12809984385967,0.050028815865517,-0.044850882142782,0.076852418482304,-0.0012991869589314,-0.16913956403732,-0.020622421056032,0.02666231058538,-0.066431544721127,0.0021665927488357,-0.073026023805141,0.0080593796446919,0.042741253972054,-0.010092518292367,0.086397498846054,-0.12990503013134,-0.022236909717321,-0.10364135354757,0.18024107813835,0.027598313987255,0.22458498179913,0.14711476862431
0.00142054236494,0.20580531656742,-0.025133520364761,0.0342772975564,-0.057737801223993,0.12713643908501,-0.09934900701046,-0.21699340641499,0.052142072468996,-0.064509242773056,0.073542594909668,-0.055725809186697,-0.096081897616386,0.00074683013372123,-0.0018638882320374,-0.13911031186581,-0.092745646834373,0.067220993340015,0.037184823304415,-0.14401106536388,-0.040298040956259,0.09583330899477,-0.047354184091091,-0.14207568764687,0.10484953224659,-0.096512600779533,-0.021259000524879,0.081244543194771,-0.039135903120041,0.093339651823044,0.062812425196171,-0.053461771458387,-0.010134582407773,-0.080380760133266,0.12455502152443,0.028076196089387,-0.017058486118913,-0.15408405661583,0.15225341916084,0.057425107806921,-0.0074644843116403,-0.021012643352151,-0.044875077903271,0.0040996996685863,-0.033109899610281,0.027744384482503,-0.0097770029678941,0.012339575216174,-0.031238088384271,-0.041718408465385,0.0092938868328929,0.24775221943855,0.085683673620224,0.015932777896523,-0.15433059632778,-0.012152935378253,0.013665703125298,-0.07090999186039,-0.088600382208824,-0.01085764542222,-0.042764533311129,0.064729623496532,0.091578580439091,0.0043939929455519,-0.066865116357803,0.0062842993065715,0.11773777008057,-0.006528286729008,-0.032381530851126,0.12056702375412,0.12331077456474,-0.047044929116964,0.037999246269464,-0.061946678906679,0.0046047046780586,-0.0018074489198625,-0.15343375504017,-0.21360518038273,-0.10583136975765,0.096149787306786,0.023375514894724,0.098171420395374,0.055642742663622,0.075783059000969,-0.0071114040911198,0.094582170248032,-0.07737422734499,-0.15101762115955,-0.075219161808491,0.039604999125004,-0.014552581124008,-0.10053201019764,0.066277578473091,0.03301815316081,-0.069701194763184,-0.19027775526047,-0.062924653291702,-0.019319508224726,-0.0017830958822742,-0.009905475191772,0.035540297627449,0.12891307473183,0.039910558611155,-0.040950167924166,0.02361162006855,0.075970359146595,0.1275485008955,0.084398858249187,-0.057576756924391,0.11725475639105,0.099060922861099,-0.15742054581642,-0.061104334890842,0.061833392828703,-0.095296651124954,-0.038378477096558,-0.075112104415894,0.072637096047401,0.15140743553638,-0.066005282104015,0.093673221766949,-0.12442319840193,-0.033781204372644,-0.081764332950115,0.17418475449085,-0.017214570194483,0.13658240437508,0.096177950501442
-0.061207171529531,0.20372512936592,-0.045526538044214,-0.10281972587109,-0.013694037683308,0.19528283178806,-0.10659711807966,-0.16859690845013,-0.037413325160742,0.032738909125328,0.080684393644333,-0.029427066445351,0.061208561062813,-0.057887315750122,-0.046485353261232,-0.11649743467569,-0.10190219432116,0.089022867381573,0.00048110648640431,-0.068325199186802,0.039419293403625,0.049037091434002,-0.036483380943537,-0.050414819270372,0.027138942852616,0.0077767143957317,-0.0028393727261573,-0.017502864822745,0.043410491198301,0.076094530522823,0.10602915287018,-0.17351205646992,-0.036466054618359,-0.087387248873711,0.17626455426216,0.045593675225973,-0.047820501029491,-0.085800394415855,0.13012401759624,0.012042919173837,-0.029485058039427,-0.062255460768938,-0.051857613027096,0.19254507124424,-0.099317729473114,-0.0079002445563674,0.063461102545261,0.11883282661438,-0.10877300053835,-0.064414717257023,-0.0045974147506058,0.12582942843437,-0.011771880090237,-0.038939647376537,-0.1111798286438,0.028576485812664,-0.059875890612602,0.05916802585125,-0.0690613463521,-0.099233709275723,-0.066460065543652,0.035941861569881,0.2100146561861,0.016976293176413,0.040102802217007,-0.11874462664127,0.061939258128405,0.023730406537652,-0.051840007305145,0.085061073303223,0.10252571851015,-0.018282569944859,0.00475899502635,-0.1581112742424,-0.0055917892605066,0.00082584877964109,-0.19264096021652,-0.02339874394238,0.028300460427999,0.1410224288702,-0.0048034847714007,0.012105141766369,0.080139815807343,0.14258949458599,-0.087720699608326,-0.028114259243011,0.028532657772303,-0.05214287340641,0.017235578969121,0.034071478992701,-0.034292954951525,-0.1027873903513,0.082584246993065,0.044922303408384,-0.11431996524334,-0.23416090011597,-0.056260775774717,0.076002575457096,-0.083815962076187,-0.043918766081333,0.069120287895203,0.20363247394562,-0.031779874116182,-0.048006519675255,0.026603376492858,0.077166639268398,0.063974373042583,0.084740526974201,0.014984102919698,0.071289718151093,0.092657119035721,-0.11398788541555,-0.084263160824776,0.11593007296324,-0.078500770032406,0.044737946242094,-0.14843834936619,0.040324848145247,0.02194457501173,0.018130384385586,0.041761338710785,-0.19540631771088,-0.10130595415831,-0.09262066334486,0.038142152130604,0.053563047200441,0.017049726098776,0.092124409973621
0.018598631024361,0.17988842725754,-0.043335728347301,0.036965772509575,-0.042889174073935,0.10411367565393,-0.081924937665462,-0.1886602640152,0.031757816672325,0.053441099822521,0.13899657130241,-0.0069567821919918,-0.0042106057517231,-0.035014949738979,-0.0046200398355722,-0.091523878276348,-0.040728088468313,0.13252829015255,0.03451431542635,-0.082081593573093,0.025577427819371,0.079018019139767,-0.10833937674761,-0.060468044131994,0.10001394152641,-0.046160250902176,0.029015112668276,0.034139204770327,-0.044226214289665,0.21177136898041,-0.0054971217177808,-0.046760138124228,0.047970615327358,-0.038521364331245,0.14644846320152,-0.0025556564796716,0.01057418808341,-0.17604972422123,0.14237052202225,-0.039232797920704,-0.045295853167772,-0.10754450410604,0.031812086701393,0.095748752355576,-0.037359289824963,-0.011095772497356,0.020627548918128,0.035751506686211,-0.051856651902199,-0.070564836263657,0.13250586390495,0.17901454865932,0.029554447159171,0.0025055552832782,-0.057069629430771,0.041956122964621,-0.073986671864986,-0.12441737949848,-0.059138014912605,-0.027936793863773,-0.018201457336545,-0.092487707734108,0.069636471569538,0.013070407323539,-0.025223132222891,-0.070545725524426,0.03962504118681,-0.0096634682267904,-0.047136820852757,0.05782176554203,0.09239100664854,-0.080360658466816,-0.018683319911361,-0.22558724880219,-0.050940487533808,0.037990916520357,-0.091196179389954,-0.08030841499567,-0.071681939065456,0.13485284149647,0.02749184332788,0.042279098182917,0.067098289728165,0.11750815808773,-0.011895527131855,0.049419928342104,-0.035657741129398,-0.13244745135307,0.016708556562662,0.11569216102362,-0.12210580706596,-0.11935947090387,-0.002434735186398,0.083497099578381,-0.17508542537689,-0.17165167629719,-0.083825960755348,-0.043271113187075,0.025555618107319,-0.067604273557663,0.12860170006752,0.19236578047276,0.043452020734549,-0.072785690426826,0.05176043882966,0.030515685677528,0.096440844237804,0.065892659127712,-0.067107021808624,0.099857866764069,0.03089395724237,-0.18207705020905,-0.10351774841547,0.047390107065439,-0.067812561988831,-0.03445678576827,-0.084113903343678,0.034713793545961,0.039601489901543,-0.03363224491477,0.089774191379547,-0.13545374572277,-0.034936748445034,-0.055157717317343,0.20430570840836,0.0242152903229,0.17934885621071,0.084626846015453
-0.045835811644793,0.22502373158932,0.041053906083107,-0.019252704456449,-0.038356840610504,0.063646227121353,-0.13721880316734,-0.13101163506508,0.15268689393997,-0.052286442369223,0.081392176449299,-0.089340068399906,-0.09064619988203,-0.042995855212212,0.0077901850454509,-0.12269257754087,-0.081409700214863,0.085858382284641,-0.024867048487067,-0.12317522615194,0.03834505751729,0.11533209681511,-0.0087281065061688,-0.11776574701071,0.097392491996288,-0.12563370168209,0.036440908908844,0.086746633052826,0.012923457659781,0.072674036026001,0.093724489212036,-0.16189186275005,0.081979177892208,-0.050933457911015,0.16304861009121,0.01154406554997,0.049718480557203,-0.073247171938419,0.081629022955894,0.027409801259637,-0.019193345680833,-0.015350468456745,-0.042476613074541,0.059754189103842,-0.038157042115927,0.014645950868726,-0.026745326817036,0.023219589143991,0.0074937017634511,-0.012773955240846,-0.017395729199052,0.25511881709099,0.025668343529105,0.017089821398258,-0.12702925503254,-0.015596295706928,0.028127474710345,-0.17694227397442,-0.11265446990728,-0.093666404485703,-0.040308851748705,-0.059131372720003,0.033651642501354,0.060359876602888,-0.060016598552465,-0.090976163744926,0.091000057756901,0.021452007815242,0.022336198017001,0.15525437891483,0.12351422011852,-0.074576653540134,0.01255685929209,-0.14278081059456,0.010504709556699,-0.0082901008427143,-0.17374089360237,-0.060201287269592,-0.07493732124567,0.072368748486042,-0.020595943555236,0.13417169451714,0.073903650045395,0.15349985659122,0.057209737598896,0.058439377695322,-0.06274139881134,-0.03475496545434,-0.0204464700073,0.05980809032917,-0.037294719368219,-0.10295041650534,0.03181416913867,0.0041694156825542,-0.070562765002251,-0.24097074568272,-0.11100891977549,0.017863310873508,-0.037016544491053,-0.042226333171129,0.055670488625765,0.10896128416061,0.039432771503925,-0.066893883049488,0.072440572082996,0.012265585362911,0.12286502867937,0.043332699686289,0.029848847538233,0.081804804503918,0.039408966898918,-0.14816983044147,-0.10618326067924,0.11456307768822,-0.064226441085339,-0.027185957878828,-0.080901481211185,0.0002919906983152,0.08997880667448,-0.041543152183294,0.083928093314171,-0.0074226595461369,-0.068903915584087,-0.016171660274267,0.1707442253828,-0.064888477325439,0.18180271983147,0.11409524828196
0.005599107593298,0.24051989614964,-0.077345155179501,0.017732376232743,-0.044957086443901,0.1499143242836,-0.13074569404125,-0.22338727116585,0.04029043763876,-0.042844288051128,0.080855004489422,-0.043348591774702,-0.033420223742723,-0.0061959456652403,-0.041721668094397,-0.11757017672062,-0.0077296276576817,0.075652003288269,0.071754410862923,-0.10163089632988,0.020928340032697,0.08049700409174,-0.041933801025152,-0.051905486732721,0.10812406986952,-0.097845561802387,0.019475176930428,0.056670404970646,0.012977124191821,0.1764879077673,0.070826508104801,-0.10045240074396,0.047505863010883,-0.079853974282742,0.15059259533882,0.012095707468688,0.023416226729751,-0.14629080891609,0.13042756915092,-0.0069448393769562,-0.062006697058678,-0.043594356626272,0.015535309910774,0.063607469201088,-0.035443797707558,0.026933776214719,0.046786557883024,0.052488647401333,-0.053843419998884,-0.042126975953579,0.049704998731613,0.22712311148643,0.11164002865553,-0.011644226498902,-0.10143074393272,0.02475862018764,-0.0095734111964703,-0.0581382997334,-0.05670964717865,-0.081123754382133,-0.052366122603416,0.0342982634902,0.12130942940712,-0.041385877877474,-0.040262207388878,-0.05884587392211,0.079148538410664,-0.033620499074459,-0.078653000295162,0.082122400403023,0.088239148259163,-0.088103771209717,-0.037027921527624,-0.16387905180454,0.0020902419928461,0.030858665704727,-0.11403877288103,-0.11619602888823,-0.060583498328924,0.14209616184235,0.0086347870528698,0.076810769736767,0.06887874007225,0.11374840140343,0.035588677972555,0.05538273230195,-0.10164635628462,-0.14197443425655,-0.031742982566357,0.075761280953884,-0.060040984302759,-0.1145388931036,0.043231006711721,0.06750126183033,-0.059457179158926,-0.20385546982288,-0.05389765650034,0.050141751766205,-0.031180303543806,-0.056645896285772,0.092426255345345,0.18679630756378,0.04003806039691,-0.029709938913584,-0.03051202185452,0.068536542356014,0.12420730292797,0.058088134974241,-0.047188550233841,0.10462186485529,0.094761654734612,-0.1770606637001,-0.063453555107117,0.072828561067581,-0.1050923615694,-0.0079144686460495,-0.10180548578501,0.041480839252472,0.081473313271999,-0.0063053173944354,0.064188301563263,-0.14649701118469,-0.058099061250687,-0.10890094935894,0.1290250569582,0.027976451441646,0.13005597889423,0.082230135798454
0.018361607566476,0.18754878640175,0.041153892874718,0.044556904584169,-0.017459185793996,0.10220516473055,-0.12744423747063,-0.19130037724972,0.063649550080299,-0.11021302640438,0.048722442239523,-0.037812776863575,-0.063971221446991,0.029992509633303,-0.011019203811884,-0.13837349414825,0.045051258057356,0.066373236477375,0.037416283041239,-0.10140408575535,0.042238965630531,0.11123455315828,-0.070717372000217,-0.050825349986553,0.13333795964718,-0.11083046346903,-0.021737700328231,0.11631844192743,-0.0034261362161487,0.13610962033272,0.093936756253242,-0.09205386787653,0.03993072360754,-0.066973514854908,0.13718354701996,0.0042397263459861,0.044696848839521,-0.134665325284,0.12839102745056,-0.024779779836535,-0.012163307517767,0.021723302081227,0.014683186076581,-0.020886750891805,-0.0029690673109144,0.016085840761662,-0.014012897387147,-0.0055778310634196,-0.002443800214678,-0.074007630348206,0.031553044915199,0.22539159655571,0.12972217798233,0.014028190635145,-0.096089452505112,-0.010837473906577,-0.0064223590306938,-0.090395547449589,-0.070689596235752,-0.08608290553093,-0.0082012107595801,0.04678849875927,0.0082719260826707,-0.0079780742526054,-0.079833790659904,-0.028873704373837,0.11619707196951,-0.015549410134554,-0.055364333093166,0.075671419501305,0.12964603304863,-0.098790273070335,-0.0065942564979196,-0.171158015728,0.0069036008790135,0.059260245412588,-0.12058734148741,-0.12831223011017,-0.050609569996595,0.12904405593872,-0.003190646879375,0.13498881459236,0.11400679498911,0.12014874815941,0.10876686125994,0.04631669074297,-0.076441422104836,-0.08782222121954,-0.085379146039486,0.060016509145498,-0.053379062563181,-0.10606498271227,0.06714403629303,0.091683134436607,-0.09486286342144,-0.20833450555801,-0.050930451601744,0.0012085062917322,-0.048120673745871,-0.037590589374304,0.07093957811594,0.16694258153439,0.033687319606543,-0.0025122847873718,-0.017071891576052,0.056483253836632,0.1350621432066,0.033996194601059,-0.038356307893991,0.083873212337494,0.074431784451008,-0.21312074363232,-0.10269939899445,0.098900869488716,-0.097441993653774,-0.026119122281671,-0.13715398311615,0.035674978047609,0.023818321526051,-0.042769331485033,0.038036819547415,-0.066090434789658,-0.090296983718872,-0.12019961327314,0.17913138866425,0.012572503648698,0.13543711602688,0.07060132920742
-0.002654520329088,0.19324925541878,-0.019112624228001,0.027432393282652,-0.05012197420001,0.046004645526409,-0.075696781277657,-0.14938561618328,0.050501842051744,-0.016979031264782,0.073962964117527,-0.042557287961245,-0.039464179426432,0.018014969304204,0.011921318247914,-0.14350964128971,-0.021082749590278,0.060181651264429,0.064512848854065,-0.096636332571507,0.020259901881218,0.046517301350832,-0.074217647314072,-0.1344668418169,0.12559759616852,-0.085544787347317,0.0012889791978523,0.067775078117847,-0.039363466203213,0.16859333217144,0.010196887888014,-0.084597013890743,0.10301347076893,-0.059009000658989,0.15029901266098,-0.022388491779566,0.058946747332811,-0.098266802728176,0.11813874542713,-0.072798565030098,-0.026603754609823,-0.060390323400497,0.048274748027325,0.042699597775936,-0.049117792397738,0.0723772123456,0.0066174785606563,-0.018179079517722,-0.043120410293341,-0.081685222685337,0.030317936092615,0.21660014986992,0.084982335567474,0.03334004804492,-0.041791368275881,0.005326084792614,-0.024809516966343,-0.15601232647896,-0.083923764526844,-0.073333792388439,-0.0050043845549226,-0.0660400390625,0.012342373840511,0.024597078561783,-0.020260104909539,-0.015449105761945,0.050365459173918,0.012293780222535,-0.015295329503715,0.029694991186261,0.12538620829582,-0.11376514285803,-0.026796387508512,-0.21164499223232,0.010510004125535,0.081326648592949,-0.11489643156528,-0.11643779277802,-0.042473834007978,0.12113469094038,-0.058069996535778,0.047880303114653,0.074861891567707,0.13887721300125,0.040800500661135,0.056400112807751,-0.060142233967781,-0.097377166152,0.0036907747853547,0.080454088747501,-0.094413317739964,-0.12293107807636,0.041421629488468,0.031474526971579,-0.15126329660416,-0.22752767801285,-0.04316994920373,0.00067246664548293,0.007018999196589,-0.076955854892731,0.08445755392313,0.17900131642818,0.079186849296093,-0.064415663480759,0.00011905809515156,0.034229971468449,0.11710374057293,0.1117906793952,-0.037647914141417,0.067021675407887,0.046166185289621,-0.22395847737789,-0.13859531283379,0.044216562062502,-0.070310018956661,-0.034312352538109,-0.092548109591007,-0.0013587921857834,0.07768190652132,-0.035891439765692,0.071171797811985,-0.085628524422646,-0.066176533699036,-0.043879006057978,0.22521717846394,-0.016887092962861,0.20542418956757,0.096485301852226
0.057600412517786,0.19679567217827,-0.07601273059845,0.037145737558603,-0.070722877979279,0.15353621542454,-0.10499794781208,-0.17136476933956,-0.078192040324211,-0.02949345856905,0.12675645947456,-0.028676019981503,0.018979392945766,-0.037170302122831,-0.035943377763033,-0.067223891615868,-0.07268287986517,0.07008795440197,0.055090792477131,-0.076080545783043,0.045275531709194,0.064633205533028,-0.027834383770823,-0.088330380618572,0.11503911018372,-0.040055252611637,0.044102035462856,-0.013428556732833,-0.046285793185234,0.17475651204586,0.0022786410991102,-0.069636464118958,-0.0044096000492573,-0.041807606816292,0.1009120196104,-0.015564569272101,-0.02898089773953,-0.14214147627354,0.15894152224064,0.027714636176825,-0.065982811152935,-0.096366293728352,0.033290226012468,0.13502530753613,-0.081954941153526,0.0039132442325354,0.10049721598625,-0.01913096010685,-0.10148193687201,-0.0069176745600998,0.13818903267384,0.1855034083128,0.018093151971698,0.054475951939821,-0.079196229577065,-0.017215481027961,0.022406404837966,-0.071751475334167,0.019320422783494,-0.064275376498699,-0.035829063504934,-0.044175706803799,0.11247187107801,-0.013005484826863,-0.040104191750288,-0.090190067887306,0.075222425162792,-0.02052840963006,-0.016922419890761,0.075965873897076,0.076167531311512,-0.026138603687286,-0.006703473161906,-0.14916327595711,0.00045995766413398,-0.0040397820994258,-0.1281999796629,-0.10449451953173,-0.095958665013313,0.23093822598457,0.037687625735998,-0.013224000111222,0.086860582232475,0.083710081875324,-0.057875003665686,0.10249218344688,-0.03937516734004,-0.17228154838085,-0.029094435274601,0.032685581594706,-0.096084229648113,-0.11633501946926,-0.034756407141685,0.035212621092796,-0.15438002347946,-0.18005807697773,-0.040796432644129,0.076489046216011,0.006481368560344,-0.077007129788399,0.030857870355248,0.21007964015007,0.083033174276352,0.035440146923065,0.0089465668424964,0.031931903213263,0.063079349696636,0.19027815759182,-0.052772402763367,0.037146467715502,0.048891343176365,-0.13347239792347,-0.10718138515949,0.039367169141769,-0.079394988715649,0.0022158725187182,-0.067691080272198,0.028894951567054,0.081642314791679,-0.0064818267710507,0.066906444728374,-0.13873362541199,-0.007044839207083,-0.072628289461136,0.16163972020149,-0.013305509462953,0.17253524065018,0.13621237874031
0.038517951965332,0.18588906526566,-0.098024927079678,0.0036672644782811,-0.0056870658881962,0.07847785949707,-0.049708671867847,-0.16691464185715,0.040179390460253,-0.045231949537992,0.11202099919319,0.021272635087371,-0.01128198672086,0.013546603731811,-0.067683510482311,-0.080978207290173,-0.041445702314377,0.046516373753548,0.028240017592907,-0.1011339277029,0.069387964904308,0.076253175735474,-0.06684934347868,-0.10234425216913,0.13498950004578,-0.047745354473591,0.085349723696709,0.049751877784729,-0.0022752333898097,0.23089335858822,-0.0075585972517729,-0.07690441608429,0.06673526018858,-0.059843067079782,0.08496517688036,-0.058669053018093,-0.0080184359103441,-0.11126330494881,0.1496779769659,0.0037783940788358,-0.033378507941961,-0.045206300914288,0.065613999962807,0.13210327923298,-0.070292718708515,0.010100818239152,0.01936705224216,-0.051807153970003,-0.023749331012368,-0.080322600901127,0.082836292684078,0.20691229403019,0.028757452964783,0.02473371103406,-0.059833366423845,0.022448137402534,-0.04451372846961,-0.021014848724008,-0.093609929084778,-0.02737689204514,-0.03631366789341,-0.13184744119644,0.12506701052189,0.026855707168579,-0.025663821026683,-0.080476686358452,0.021537944674492,0.01175242010504,-0.016709610819817,0.040096629410982,0.10564977675676,-0.054389849305153,-0.031354282051325,-0.21952669322491,0.006973956245929,0.074478410184383,-0.089142799377441,-0.11497321724892,-0.11941849440336,0.1690853536129,0.0020597844850272,0.025045989081264,0.12575629353523,0.14767889678478,-0.016050195321441,0.041278932243586,-0.011375796981156,-0.1233069524169,-0.022743441164494,0.036142960190773,-0.12352913618088,-0.17045690119267,-0.053720600903034,0.063061565160751,-0.10629283636808,-0.2028853148222,-0.064639881253242,-0.0018459124257788,0.040114957839251,-0.054960314184427,0.036640722304583,0.16132609546185,0.080729529261589,0.031015828251839,-0.038557939231396,0.020824255421758,0.061540868133307,0.16281950473785,-0.05625132843852,-0.012575266882777,0.071464039385319,-0.17917780578136,-0.14991860091686,0.097299911081791,-0.051127538084984,0.0053315190598369,-0.093745104968548,0.048950523138046,0.087864153087139,0.020299848169088,0.067432545125484,-0.086756013333797,-0.065004475414753,-0.074048511683941,0.1855441480875,0.0026264337357134,0.14723642170429,0.11016915738583
0.040985357016325,0.17254862189293,-0.016866434365511,0.01363096665591,-0.044537097215652,0.079842790961266,-0.11292687058449,-0.14716349542141,0.032749153673649,-0.05483915284276,0.13797535002232,-0.049672313034534,-0.067245058715343,0.01129627879709,-0.0070940116420388,-0.092352032661438,-0.038713775575161,0.071845106780529,0.054251201450825,-0.1155754327774,0.029088160023093,0.13697421550751,-0.0042733210138977,-0.12878802418709,0.0985396951437,-0.045410469174385,0.072482980787754,0.070249423384666,0.029369467869401,0.10999755561352,0.022742114961147,-0.090523198246956,0.040642645210028,-0.073541238903999,0.094456568360329,-0.0046315342187881,0.0081296740099788,-0.085375107824802,0.17413134872913,0.094622232019901,-0.042268078774214,0.014874214306474,-0.062559738755226,0.046306159347296,-0.076302081346512,-1.9920331396861e-05,-0.0046219089999795,-0.046680204570293,0.014619425870478,-0.042400747537613,0.052547063678503,0.31968173384666,0.0099269077181816,0.066987298429012,-0.14423198997974,-0.03713983297348,0.099005870521069,-0.1117353066802,-0.090066932141781,-0.005137643776834,-0.042648080736399,-0.07514663040638,0.085551165044308,0.040985826402903,-0.08477159589529,-0.094856508076191,0.1121167242527,0.010793167166412,0.061307452619076,0.14861245453358,0.10871808975935,-0.036787237972021,0.0114726126194,-0.085043385624886,0.020636865869164,-0.036644238978624,-0.15529872477055,-0.09975803643465,-0.12776494026184,0.12231968343258,0.013629800640047,0.10875538736582,0.11823464184999,0.11009334027767,0.052440993487835,0.078141316771507,-0.039552662521601,-0.09476625174284,-0.062489192932844,-0.0091122994199395,-0.046158254146576,-0.086720779538155,-0.010630936361849,0.050070576369762,-0.056268084794283,-0.25921919941902,-0.065098293125629,0.030936783179641,0.00090575707145035,-0.042492862790823,0.0039204750210047,0.15074215829372,0.077534928917885,0.026669960469007,0.05983355268836,0.025030778720975,0.13626958429813,0.094899460673332,0.034648198634386,0.027409108355641,0.03903828933835,-0.14449371397495,-0.095229282975197,0.10515818744898,-0.057698760181665,-0.016617488116026,-0.038333773612976,-0.011383285745978,0.10509426146746,-0.047838300466537,0.076275415718555,-0.060408875346184,-0.041408438235521,-0.068213008344173,0.16549046337605,-0.04315710067749,0.18223513662815,0.16813664138317
0.0029105723369867,0.18505449593067,0.059722002595663,0.048739705234766,-0.033862095326185,0.15471741557121,-0.12541528046131,-0.095864482223988,0.058593224734068,-0.037618901580572,0.079665414988995,-0.061521966010332,-0.12970535457134,-0.052594166249037,0.068457938730717,-0.12107506394386,-0.052192609757185,0.042253796011209,0.060628950595856,-0.17274382710457,-0.016249544918537,0.13152274489403,-0.028293620795012,-0.057098511606455,0.16550855338573,-0.15138617157936,0.077693745493889,0.10472954064608,-0.033615048974752,0.034003730863333,0.094325020909309,-0.20105409622192,-0.0091634122654796,-0.052510432898998,0.093047387897968,0.014934319071472,-0.00037443253677338,-0.23386932909489,0.090131059288979,0.091385558247566,0.029493106529117,-0.019982909783721,-0.031030917540193,0.015955956652761,-0.044547900557518,-0.037813130766153,-0.027459220960736,-0.020650774240494,0.034202996641397,-0.00025389005895704,0.10588116198778,0.22182168066502,0.016891909763217,0.0035772759001702,-0.13092756271362,-0.0025237838272005,0.0094640580937266,-0.12054108828306,-0.040311232209206,-0.022953974083066,-0.046011473983526,-0.016805615276098,-0.0049820193089545,-0.024919293820858,-0.049821346998215,-0.060245715081692,0.12819167971611,-0.027158377692103,-0.0027647307142615,0.1777308434248,0.10810320079327,0.042511072009802,0.030370857566595,-0.11783011257648,0.021162865683436,0.014426619745791,-0.1278740465641,-0.056470826268196,-0.10253771394491,0.12188477814198,0.0076467548497021,0.078266613185406,0.1546274125576,0.13889035582542,0.052393618971109,0.075113214552402,-0.039770238101482,-0.079623639583588,-0.078686594963074,0.032978653907776,-0.083281800150871,-0.071437194943428,0.013698243536055,0.037424262613058,-0.089816272258759,-0.21251738071442,-0.053725406527519,-0.045601591467857,-0.02914958819747,-0.01650489680469,0.0098728109151125,0.11897429823875,0.052456025034189,-0.069441229104996,0.047040786594152,0.029191441833973,0.11733275651932,0.020405167713761,-0.079354509711266,0.10153219103813,0.066743589937687,-0.14354677498341,-0.0007145379204303,0.071598373353481,-0.073888786137104,-0.04775357618928,-0.064009204506874,0.082381948828697,0.062212564051151,-0.043336056172848,0.08415362238884,-0.075786143541336,-0.053664986044168,-0.070312291383743,0.1995936781168,-0.010085952468216,0.15434491634369,0.1384890973568
0.034198578447104,0.17973063886166,-0.047892864793539,0.019249718636274,0.0024017747491598,0.10529063642025,-0.030386989936233,-0.12885643541813,-0.027840286493301,0.010396152734756,0.11525136977434,0.0458919480443,0.034810815006495,-0.05970511585474,-0.022424062713981,-0.077956438064575,-0.046431366354227,0.053485132753849,0.0087252659723163,-0.028622843325138,0.075447671115398,0.041951283812523,-0.077372491359711,-0.088915936648846,0.12863358855247,-0.030209559947252,0.022040827199817,0.0093633448705077,-0.025152336806059,0.20199675858021,-0.012519937008619,-0.061128657311201,0.045999422669411,-0.012173373252153,0.12534919381142,-0.066749252378941,0.036345425993204,-0.085597164928913,0.17461788654327,-0.068357974290848,-0.017102556303144,-0.099206872284412,0.11644661426544,0.12016190588474,-0.10715667903423,-0.043047312647104,0.061403177678585,-0.03329398855567,-0.069809354841709,-0.031026067212224,0.11831103265285,0.11645749211311,-0.022943606600165,0.054990570992231,-0.0045518684200943,-0.0087038120254874,-0.09427984058857,-0.061583682894707,-0.094020955264568,-0.06817864626646,-0.04068161919713,-0.15642672777176,0.098407424986362,-0.02683313190937,0.028814820572734,-0.062625110149384,0.00046956090955064,-0.012084188871086,-0.070891968905926,-0.02487688139081,0.084666982293129,-0.026211064308882,-0.030161064118147,-0.20264938473701,0.00079624966019765,0.05880906060338,-0.070097044110298,-0.078949846327305,-0.029846472665668,0.21314303576946,-0.0045335092581809,-0.033699605613947,0.14062766730785,0.16211462020874,-0.012301103211939,0.015440915711224,0.0023353016003966,-0.07814771682024,0.048349965363741,0.065242737531662,-0.13339340686798,-0.18034759163857,-0.052557617425919,0.090752072632313,-0.19311091303825,-0.21120166778564,-0.049897830933332,0.013420997187495,-0.014723988249898,-0.069649033248425,0.036601286381483,0.17396046221256,0.047014761716127,0.032815784215927,-0.00036743067903444,0.039915099740028,0.076922059059143,0.19319903850555,-0.038213446736336,0.010683846659958,0.013028496876359,-0.15535780787468,-0.15480126440525,0.10709825903177,-0.036818727850914,-0.029706994071603,-0.090908952057362,0.062730595469475,0.031417887657881,0.037980191409588,0.060806434601545,-0.090390615165234,-0.030387321487069,-0.052691828459501,0.21918098628521,-0.0095078907907009,0.18354192376137,0.082509741187096
0.028421301394701,0.13721613585949,-0.052941147238016,0.041502129286528,-0.046733573079109,0.13336235284805,-0.082361251115799,-0.19814319908619,-0.02238716930151,-0.076349586248398,0.072615638375282,0.01556318346411,0.0081824343651533,0.019006915390491,-0.060350582003593,-0.10579186677933,-0.050236389040947,0.10807561129332,0.061542637646198,-0.071950130164623,0.077051788568497,0.064009755849838,-0.04064155369997,-0.039961788803339,0.08446479588747,-0.070288874208927,0.014623800292611,-0.019458550959826,-0.10513164848089,0.22242444753647,-0.017265845090151,-0.11786740273237,0.05427423492074,-0.04281460493803,0.17000836133957,0.0021903689485043,-0.00079870276385918,-0.14705719053745,0.066607944667339,-0.060445740818977,-0.072401754558086,-0.043023627251387,0.082100339233875,0.12819758057594,-0.083990663290024,0.0289227347821,0.089519649744034,-0.021802486851811,-0.088086329400539,-0.010167203843594,0.11226733773947,0.079386278986931,0.088974796235561,0.049606431275606,0.014638911932707,0.036215979605913,-0.02541209384799,-0.04431214183569,-0.005867796484381,-0.084492437541485,0.00060054002096877,-0.0041998564265668,0.091034010052681,-0.025208201259375,0.033809393644333,-0.10122665762901,0.022119259461761,-0.025201736018062,-0.067392438650131,0.07565550506115,0.10871382802725,-0.084135934710503,-0.0082903057336807,-0.24886052310467,-0.041087623685598,0.093335874378681,-0.11444300413132,-0.12114156782627,-0.053545273840427,0.14696532487869,0.0073962663300335,0.016497174277902,0.055681243538857,0.086385570466518,-0.058597456663847,0.052171226590872,-0.045712344348431,-0.16102850437164,-0.04807460680604,0.10786230862141,-0.098175793886185,-0.14673267304897,0.0051409639418125,0.010940409265459,-0.15250572562218,-0.13524486124516,-0.057301998138428,0.071844682097435,0.014511771500111,-0.040056135505438,0.1017834097147,0.22948832809925,0.074154607951641,-0.061911717057228,-0.013070900924504,0.018143359571695,0.058180913329124,0.092519871890545,-0.13739481568336,0.07276364415884,0.064478494226933,-0.20606076717377,-0.082044377923012,0.0034370089415461,-0.091224730014801,0.045867934823036,-0.068663209676743,0.021420093253255,0.018477899953723,0.002032957971096,0.054367274045944,-0.14292305707932,-0.039344612509012,-0.10365738719702,0.16702438890934,0.042318731546402,0.17186272144318,0.099017530679703
0.054477725178003,0.13796953856945,-0.08158515393734,0.023859044536948,-0.016509527340531,0.083073928952217,-0.1031634286046,-0.19462244212627,-0.052452672272921,-0.10441948473454,0.10196583718061,0.0066046845167875,0.013715504668653,0.070596165955067,-0.02889914624393,-0.072352148592472,-0.026082739233971,-0.00773074477911,0.092584297060966,-0.060566544532776,0.069317422807217,0.069366000592709,-0.034916501492262,-0.096165984869003,0.15323886275291,-0.0077722291462123,0.076152987778187,0.019495630636811,-0.031677149236202,0.21225754916668,-0.0091179944574833,-0.081052236258984,0.069696836173534,-0.061247568577528,0.082664795219898,-0.0063553396612406,0.0023138830438256,-0.098349303007126,0.15613432228565,-0.019596848636866,-0.041859202086926,-0.030216002836823,0.084945604205132,0.099790170788765,-0.07823982834816,0.062082149088383,0.081879816949368,-0.072826728224754,-0.057078659534454,-0.080922566354275,0.05766923725605,0.1506609171629,0.094248332083225,0.062782727181911,-0.016836285591125,0.0029089364688843,-0.017620790749788,-0.0056428965181112,-0.045849863439798,-0.056554950773716,-0.029591599479318,-0.057966094464064,0.10577537119389,0.013502121903002,-0.01702849753201,-0.013555807061493,0.045789826661348,0.01950416713953,0.008443770930171,-0.0010219289688393,0.09074579179287,-0.064536482095718,-0.035578195005655,-0.2277418076992,0.067570924758911,0.07624239474535,-0.11036399006844,-0.14923563599586,-0.088801629841328,0.22850525379181,0.027171256020665,0.005048097576946,0.10827724635601,0.098882250487804,-0.029427217319608,0.072823666036129,-0.028535747900605,-0.13262435793877,-0.07434669137001,0.033110368996859,-0.080050826072693,-0.13643881678581,-0.030386816710234,0.082832790911198,-0.15046432614326,-0.18477854132652,-0.048958785831928,0.064440429210663,0.054291490465403,-0.078885093331337,0.010564693249762,0.17119532823563,0.1032929494977,0.019016394391656,-0.076447822153568,0.059752777218819,0.060151465237141,0.17961351573467,-0.06615261733532,-0.026080943644047,0.076608635485172,-0.17856085300446,-0.14312778413296,0.051840759813786,-0.067862272262573,0.032529681921005,-0.12144729495049,0.025631364434958,0.048103265464306,0.010887968353927,0.053931377828121,-0.11068385839462,-0.050177406519651,-0.097017861902714,0.1592822521925,0.033412683755159,0.15903282165527,0.12627913057804
0.065716609358788,0.16083817183971,-0.068787761032581,0.037142239511013,-0.0037601108197123,0.13869428634644,-0.073935471475124,-0.11936333030462,-0.0033678277395666,-0.033318795263767,0.16273790597916,0.016738632693887,-0.0031993533484638,-0.097312524914742,-0.016054153442383,-0.013852772302926,-0.067784622311592,-0.0036247875541449,0.020283598452806,-0.059337496757507,0.096511363983154,0.077602051198483,-0.07976957410574,-0.045062404125929,0.1513798981905,-0.0047285407781601,0.095493152737617,-0.049763407558203,0.0053692637011409,0.17063927650452,0.033019352704287,-0.051430746912956,0.0044141202233732,-0.0016069867415354,0.064081348478794,0.0060295299626887,-0.00072292564436793,-0.14236991107464,0.1636735200882,0.021010689437389,0.023134354501963,-0.1213287115097,0.034794874489307,0.15790328383446,-0.055657975375652,0.023960411548615,0.083684280514717,-0.045112133026123,-0.089599788188934,-0.089343823492527,0.10623580217361,0.17677022516727,-0.035135880112648,0.017461961135268,-0.01980609074235,0.0097394967451692,-0.074989482760429,-0.04243453592062,-0.067011706531048,-0.018588798120618,-0.049780052155256,-0.16982375085354,0.12067236751318,-0.010281742550433,0.0031623339746147,-0.1231124997139,0.052112329751253,0.01938266120851,0.046425707638264,0.068653710186481,0.054078616201878,0.014422608539462,-0.063810914754868,-0.20918530225754,0.039467211812735,0.016867132857442,-0.094318114221096,0.044276189059019,-0.13024501502514,0.24289545416832,0.019444236531854,0.022199138998985,0.12189251184464,0.10499732196331,-0.052195370197296,0.09131034463644,0.046912241727114,-0.10296973586082,-0.070506557822227,0.033328250050545,-0.082185879349709,-0.14657029509544,-0.13126383721828,0.089862912893295,-0.17231377959251,-0.16084015369415,-0.040397256612778,-0.040782533586025,0.049299377948046,-0.084103882312775,-0.00050882302457467,0.12158288061619,0.032300397753716,0.04367858171463,-0.011937918141484,0.026085458695889,0.034869655966759,0.21127890050411,-0.062540829181671,-0.015893343836069,0.01185972802341,-0.10899394750595,-0.1694355905056,0.047441523522139,0.014667059294879,-0.0067115002311766,-0.14103782176971,-0.024601228535175,0.05018400400877,0.041604835540056,0.088242553174496,-0.035877216607332,-0.013735726475716,0.0099484957754612,0.18874046206474,0.0042329579591751,0.16282299160957,0.10590041428804
0.027324672788382,0.14310590922832,-0.0072920764796436,-0.028834464028478,-0.027626123279333,0.05418636277318,-0.093886151909828,-0.14245916903019,0.0569650195539,0.052223358303308,0.1500498354435,-0.06692273914814,0.008471961133182,0.12596537172794,0.042074538767338,-0.095966406166553,0.046828884631395,0.16942945122719,-0.001445276895538,-0.097228340804577,0.010437210090458,0.14652146399021,-0.049167178571224,-0.15187913179398,0.026941681280732,-0.069060809910297,0.012532019987702,0.14264403283596,-0.024354903027415,0.13513404130936,-0.039017587900162,-0.022522294893861,0.064800620079041,-0.036914438009262,0.12291571497917,0.052288632839918,0.05472856014967,-0.089860215783119,0.12076091021299,0.036736790090799,-0.088218502700329,0.040074553340673,-0.029401786625385,-0.0018827135208994,-0.049315895885229,0.0017477148212492,-0.062152974307537,0.036761272698641,0.031690083444118,-0.049827910959721,0.0937260389328,0.24262890219688,-0.072820514440536,0.071769244968891,-0.13332256674767,-0.0086176274344325,0.010284030809999,-0.17693156003952,-0.080094404518604,0.024581959471107,0.0061517087742686,-0.064616717398167,-0.0040440275333822,0.029395837336779,-0.063681125640869,-0.085702575743198,0.071772888302803,0.097612783312798,0.043101388961077,0.16232721507549,0.16605250537395,-0.079131118953228,0.052333019673824,-0.16922904551029,-0.080280333757401,0.0057193301618099,-0.10530859977007,-0.084427751600742,-0.098172530531883,-0.053263764828444,0.045052271336317,0.12643252313137,0.050526555627584,0.098623484373093,0.026543341577053,0.064401410520077,-0.046427946537733,-0.095859341323376,0.00741868885234,0.094409503042698,-0.081362180411816,-0.12487891316414,0.03340271115303,0.04879167675972,-0.09441851824522,-0.20929402112961,-0.11499377340078,-0.025644427165389,-0.015398491173983,0.002840778324753,0.088608220219612,0.17304219305515,0.059182148426771,-0.053072385489941,0.099375143647194,0.020410733297467,0.06924369931221,-0.013793481513858,-0.0030457004904747,0.070951923727989,-0.014930821955204,-0.18477529287338,-0.077374957501888,0.12022233009338,-0.078922227025032,-0.061872329562902,-0.013829883188009,-0.0055317804217339,0.021057909354568,-0.091267116367817,0.065076902508736,-0.077821880578995,-0.0076885847374797,-0.0051306057721376,0.21288108825684,-0.071056097745895,0.15695123374462,0.10611548274755
0.0033189260866493,0.22343617677689,0.12171173840761,0.068042993545532,-0.0074836849234998,0.078754082322121,-0.11626955866814,-0.16784498095512,0.11705653369427,-0.049083415418863,0.063493363559246,-0.055895291268826,-0.10103517025709,-0.022019792348146,0.039963029325008,-0.069747246801853,-0.021279744803905,0.087844558060169,-0.059893921017647,-0.12651969492435,0.023696672171354,0.12929719686508,-0.062420874834061,-0.077138550579548,0.1551753282547,-0.14457862079144,-0.024238891899586,0.15655671060085,-0.013451131992042,0.084707602858543,0.056548427790403,-0.043382603675127,0.022538444027305,-0.0012318179942667,0.11669765412807,-0.024649988859892,0.089394629001617,-0.13862419128418,0.13842289149761,-0.0074414010159671,0.037250280380249,-0.020145945250988,0.065260514616966,-0.10119077563286,0.015016250312328,-0.035507086664438,-0.028221234679222,-0.0092334914952517,0.013871226459742,-0.019343394786119,0.085166230797768,0.21169118583202,0.039729803800583,0.05344820395112,-0.084150396287441,-0.036857075989246,0.01651711948216,-0.2012384980917,-0.070497192442417,-0.081441216170788,-0.011191015131772,-0.012267491780221,-0.078869052231312,0.0050364350900054,-0.098500229418278,0.059983864426613,0.084643825888634,0.014570719562471,-0.031240664422512,0.12078782171011,0.10332811623812,-0.035778075456619,0.028147596865892,-0.10817164927721,0.049170069396496,0.022339660674334,-0.094239689409733,-0.10395400226116,-0.07848983258009,0.061244480311871,0.050500549376011,0.16836369037628,0.1280292570591,0.13307110965252,0.1032632663846,0.091544568538666,-0.083545044064522,-0.032612983137369,-0.061041533946991,0.10250722616911,-0.058904860168695,-0.105104342103,0.030954198911786,0.058460667729378,-0.14597907662392,-0.1871559470892,-0.096594020724297,-0.010824118740857,-0.011490765959024,-0.042331922799349,0.073281042277813,0.068793058395386,0.054700862616301,-0.005774222780019,0.071155652403831,0.02273677662015,0.11201002448797,0.050976656377316,-0.034558039158583,0.078665442764759,0.017887942492962,-0.13787172734737,-0.063269563019276,0.10774725675583,-0.05611527338624,-0.093600891530514,-0.12514579296112,0.096469402313232,0.020292310044169,-0.07752126455307,0.09691072255373,0.01937310397625,-0.019353967159986,-0.063248068094254,0.20779375731945,-0.02323036454618,0.17793847620487,0.074154607951641
0.026359444484115,0.22698597609997,-0.012673456221819,0.003640057053417,0.031176829710603,0.14610567688942,-0.13689410686493,-0.13821952044964,0.10893838107586,-0.032560538500547,0.10945435613394,-0.055243887007236,-0.10360062867403,-0.040068693459034,0.033440478146076,-0.059872642159462,-0.002625321270898,0.049188882112503,-0.0031134891323745,-0.14772780239582,0.012956342659891,0.14584697782993,0.0075680213049054,-0.073735132813454,0.17582106590271,-0.15209248661995,0.14069263637066,0.13289867341518,0.033404164016247,0.072059690952301,0.10605317354202,-0.13072979450226,0.025273775681853,-0.030229201540351,0.079814955592155,0.010527580976486,0.027566522359848,-0.18729543685913,0.11794570833445,0.063416458666325,0.014224188402295,-0.040690544992685,0.0016833585686982,0.039469372481108,-0.050527855753899,-0.0059489952400327,-0.044925056397915,0.036381527781487,0.018332771956921,0.0030678184702992,0.089642986655235,0.27577325701714,-0.016770655289292,-0.024123895913363,-0.14916396141052,-0.021816484630108,-0.0069477716460824,-0.10859170556068,-0.10018225759268,-0.012175396084785,-0.076851330697536,-0.074829921126366,0.054198950529099,-0.031481344252825,-0.047724403440952,-0.078248478472233,0.052740894258022,0.040339644998312,-0.029600622132421,0.21250705420971,0.078799657523632,0.025578748434782,-0.031708721071482,-0.15438118577003,0.023215541616082,0.0012494951952249,-0.071950174868107,-0.020270694047213,-0.13696202635765,0.095971398055553,0.031327214092016,0.093771606683731,0.13844166696072,0.150724619627,0.045871999114752,0.052793949842453,-0.064745552837849,-0.048051852732897,-0.060753501951694,0.070706233382225,-0.059917610138655,-0.10473216325045,-0.065115995705128,0.084967315196991,-0.030763799324632,-0.20005701482296,-0.084820285439491,-0.021519994363189,-0.024089412763715,-0.050486575812101,0.035252809524536,0.074995674192905,0.024356812238693,-0.0099000241607428,0.05005856603384,0.020365847274661,0.083221107721329,0.047808475792408,-0.012238559313118,0.048408731818199,0.045734323561192,-0.092446185648441,-0.026703741401434,0.16277645528316,-0.030142523348331,-0.069926053285599,-0.089145265519619,0.085564337670803,0.09129885584116,0.040567498654127,0.097534783184528,-0.033307272940874,-0.037927217781544,-0.032918944954872,0.18953950703144,-0.042055152356625,0.1539089679718,0.093283481895924
0.0083068395033479,0.22474402189255,-0.019439270719886,0.050135031342506,-0.047807790338993,0.15431481599808,-0.15550801157951,-0.2257834225893,0.050720792263746,-0.071129411458969,0.067313686013222,-0.059103243052959,-0.063177362084389,-0.017045931890607,0.012330169789493,-0.14994417130947,-0.0054603824391961,0.060517799109221,0.056527726352215,-0.097800396382809,-0.022109270095825,0.082138404250145,-0.041049677878618,-0.048973169177771,0.13335280120373,-0.12091340124607,-0.00061515928246081,0.076826192438602,-0.03431885316968,0.10785154253244,0.11651558429003,-0.079116307199001,0.021264515817165,-0.051492672413588,0.14072668552399,0.046857662498951,0.028816819190979,-0.17082217335701,0.11626056581736,-0.013278014026582,-0.0089692259207368,-0.059028200805187,-0.0051518529653549,0.022254006937146,-0.034185916185379,0.035176642239094,0.024534095078707,0.069495253264904,-0.046258807182312,-0.022643581032753,0.041498083621264,0.22389294207096,0.12321143597364,-0.019028691574931,-0.11062981188297,-0.004097315017134,-0.035065725445747,-0.092988714575768,-0.041292648762465,-0.086055532097816,-0.052200045436621,0.071905627846718,0.058661889284849,-0.04851596429944,-0.056348875164986,-0.021782776340842,0.1190749630332,-0.028350522741675,-0.079010903835297,0.11449580639601,0.085711821913719,-0.077561534941196,-0.016068277880549,-0.12834791839123,0.0095463218167424,0.0020080199465156,-0.12194984406233,-0.12762807309628,-0.057059586048126,0.15418346226215,0.00065427488880232,0.090420879423618,0.060533337295055,0.078539222478867,0.051065031439066,0.05852322280407,-0.10162737965584,-0.13338004052639,-0.06473732739687,0.086044862866402,-0.028617151081562,-0.093110732734203,0.078158259391785,0.055386893451214,-0.08611161261797,-0.19720169901848,-0.048666540533304,0.012362441979349,-0.038714848458767,-0.075186252593994,0.071174308657646,0.16803827881813,0.032118987292051,-0.041794244199991,-0.0036316951736808,0.073660187423229,0.12163234502077,0.058050598949194,-0.05194753035903,0.13325819373131,0.091819152235985,-0.15600988268852,-0.062331881374121,0.067627638578415,-0.11087254434824,-0.058015860617161,-0.10819491744041,0.029692154377699,0.099341668188572,-0.015217150561512,0.084700673818588,-0.11426664888859,-0.06049308180809,-0.076535940170288,0.16361327469349,-0.0079238954931498,0.14923344552517,0.070278488099575
0.060360781848431,0.21594417095184,-0.11213689297438,0.030144713819027,-0.030846627429128,0.081972651183605,-0.091130599379539,-0.17173032462597,0.025882259011269,0.019918797537684,0.15855342149734,0.014442921616137,-0.016869816929102,0.040875591337681,-0.034152314066887,-0.06595266610384,0.060435567051172,0.042886722832918,0.053858019411564,-0.056563127785921,-0.026377206668258,0.10043486207724,-0.060891304165125,-0.054360181093216,0.11451577395201,-0.063627846539021,0.14778842031956,0.12404172867537,-0.011828248389065,0.19769804179668,-0.045045629143715,-0.057857025414705,0.07940186560154,-0.03346549347043,0.030456077307463,-0.0037315906956792,0.060508299618959,-0.13108861446381,0.14107732474804,0.04955966770649,-0.064503736793995,-0.062341570854187,0.051086984574795,0.030732484534383,-0.05822778865695,0.039012432098389,0.013056986033916,-0.01612919382751,-0.020893545821309,-0.021196078509092,0.15060225129128,0.26524016261101,-0.021037809550762,0.045809660106897,-0.059814997017384,0.00059196067741141,-0.0482760630548,-0.095181815326214,-0.078353337943554,0.024171045050025,-0.064506761729717,-0.12246675044298,0.08141303062439,-0.059385996311903,-0.049760740250349,-0.077403172850609,0.039329625666142,0.030347159132361,-0.053394444286823,0.077253289520741,0.099022172391415,-0.057807601988316,-0.046842429786921,-0.17131845653057,0.052391614764929,0.077981390058994,-0.016422260552645,-0.029083758592606,-0.12482426315546,0.11192405223846,0.012127499096096,0.021325966343284,0.11483410000801,0.1237348690629,0.0098262429237366,0.085207089781761,-0.065938778221607,-0.13732746243477,-0.011486297473311,0.078838959336281,-0.14878991246223,-0.1758074760437,-0.025569615885615,0.12453710287809,-0.078723400831223,-0.19649067521095,-0.043710727244616,-0.056781206279993,0.047503001987934,-0.081492640078068,0.039144840091467,0.16839157044888,0.044346604496241,0.048121515661478,-0.0091053741052747,0.039364829659462,0.06645754724741,0.10251804441214,-0.082605481147766,0.011032558046281,0.02784332446754,-0.13792692124844,-0.045953497290611,0.13647025823593,-0.077463500201702,-0.060260303318501,-0.077062115073204,0.045501112937927,0.073226153850555,0.022207327187061,0.05999219045043,-0.099897146224976,-0.024581288918853,-0.038966249674559,0.22365300357342,0.0084066642448306,0.15424634516239,0.070954270660877
0.048586137592793,0.14066459238529,-0.085716098546982,0.02224756591022,-0.0040636123158038,0.085318706929684,-0.051681973040104,-0.21274146437645,-0.03339197486639,-0.051113042980433,0.083653166890144,0.035236313939095,0.032011527568102,-0.026446864008904,-0.076137401163578,-0.030246619135141,-0.13440951704979,0.073831871151924,0.0040793078951538,-0.015524866990745,0.085743054747581,0.10600914061069,-0.047543201595545,-0.065109990537167,0.055097457021475,0.0022082685027272,0.01110428571701,-0.04782472923398,-0.065425001084805,0.26635885238647,-0.086738407611847,-0.043550413101912,0.01331790164113,-0.037377562373877,0.15677189826965,-0.024457285180688,0.010539080947638,-0.10909082740545,0.11832424253225,-0.029004586860538,-0.065885081887245,-0.052785504609346,0.10557498782873,0.17073844373226,-0.099933512508869,0.040372658520937,0.13861876726151,-0.0045939031988382,-0.058463368564844,0.025204239413142,0.12540444731712,0.084620073437691,0.019016297534108,0.083779394626617,0.062144204974174,-0.01899971626699,-0.0065941447392106,-0.051986429840326,-0.0078534176573157,-0.072382524609566,-0.0050597521476448,-0.080571256577969,0.1256498247385,0.050986655056477,-0.017646808177233,-0.13808685541153,0.018991239368916,-0.017036994919181,0.017233615741134,0.015159382484853,0.089532509446144,-0.029429756104946,0.028628390282393,-0.1804371625185,-0.0239532366395,0.049099206924438,-0.13657033443451,-0.10110355168581,-0.062958270311356,0.18889601528645,0.14766350388527,0.042481776326895,0.050032932311296,0.10903491079807,-0.055607911199331,0.069779120385647,-0.02925786934793,-0.12008257210255,-0.020185584202409,0.088314235210419,-0.085366889834404,-0.12051808834076,-0.079954236745834,0.00035277279675938,-0.20990246534348,-0.14360302686691,-0.068263083696365,0.086158141493797,0.069647893309593,-0.083423897624016,0.084148161113262,0.18144127726555,0.11539375782013,-0.023064022883773,-0.043629970401525,-0.0046873623505235,0.011086796410382,0.181640163064,-0.07995143532753,0.095469705760479,0.085902594029903,-0.14003786444664,-0.1363889425993,0.024673940613866,-0.11192736029625,0.062897227704525,-0.052619677037001,0.028630223125219,-0.033075839281082,-0.026809940114617,0.07045055180788,-0.072251081466675,0.037667863070965,-0.076596617698669,0.089106924831867,0.013243838213384,0.1471201479435,0.10855931788683
-0.0025527908001095,0.24479678273201,0.045204270631075,0.049182541668415,-0.061069700866938,0.11594709008932,-0.10532082617283,-0.12818837165833,0.01771641522646,-0.028557578101754,0.10850432515144,-0.047276638448238,-0.067849487066269,-0.04576700553298,0.030609883368015,-0.1161295324564,-0.08772549033165,0.091777205467224,0.013602675870061,-0.12298476696014,0.0058973049744964,0.09811532497406,-0.047527637332678,-0.11203174293041,0.13675333559513,-0.11023591458797,0.01150964666158,0.084172002971172,-0.043640375137329,0.10172107070684,0.031065821647644,-0.11282893270254,0.018987035378814,-0.021757822483778,0.11114572733641,-0.011149580590427,0.036886677145958,-0.16848514974117,0.11772903800011,0.056696642190218,0.011116434819996,-0.049570720642805,0.056081105023623,0.064325466752052,-0.07810302823782,-0.047542292624712,0.060627572238445,-0.042470667511225,-0.034846283495426,0.022574633359909,0.11978834122419,0.1913233101368,-0.041648089885712,0.069592781364918,-0.083365119993687,-0.0089626740664244,-0.0053102192468941,-0.15351398289204,-0.024532526731491,-0.068502478301525,-0.046438664197922,-0.05727706849575,0.012679190374911,-0.0068326727487147,-0.044937074184418,-0.04874100536108,0.10939218848944,-0.062813222408295,-0.013905166648328,0.13590121269226,0.11178965121508,-0.0031104509253055,0.057229191064835,-0.077805154025555,0.019011387601495,-0.020089823752642,-0.13938200473785,-0.08265382796526,-0.098824769258499,0.10448486357927,0.014365214854479,0.080039165914059,0.11903772503138,0.1354732811451,0.022420676425099,0.10629234462976,-0.050886977463961,-0.11122664809227,-0.01668131724,0.057553682476282,-0.089869663119316,-0.1271370947361,-0.0058863670565188,-0.02498753555119,-0.12509514391422,-0.2254276573658,-0.073585920035839,0.035072658210993,-0.029166782274842,-0.030692931264639,-0.027664246037602,0.15499114990234,0.10693357139826,-0.015556056052446,0.045330513268709,0.043909523636103,0.094612382352352,0.13273058831692,-0.053209133446217,0.076399967074394,0.028135485947132,-0.15227293968201,-0.094607546925545,0.078125596046448,-0.093320526182652,-0.086540199816227,-0.0087733771651983,0.024820752441883,0.091017939150333,-0.064035795629025,0.10555454343557,-0.050078667700291,-0.017114397138357,-0.035935826599598,0.20809265971184,-0.068349212408066,0.20790793001652,0.14779219031334
0.099107921123505,0.14017932116985,0.051589835435152,0.069227084517479,0.0082868002355099,0.22447541356087,-0.022496813908219,-0.16825698316097,-0.025319870561361,-0.089231729507446,0.0082862805575132,-0.051767196506262,0.0015615589218214,-0.065369017422199,0.010036025196314,-0.0036229600664228,-0.070845186710358,0.064412981271744,-0.056174017488956,-0.10944737493992,0.15621237456799,0.11337311565876,-0.0053203506395221,-0.036916997283697,0.070172242820263,-0.10812323540449,-0.15302594006062,-0.11577269434929,-0.030021334066987,0.1689431220293,0.036002885550261,0.029979834333062,-0.094238370656967,0.0032674472313374,0.19501714408398,-0.010030334815383,0.017439901828766,-0.077299147844315,0.12292822450399,-0.050776913762093,-0.05556046590209,-0.02852606959641,-0.0048544402234256,-0.024789813905954,-0.0091662304475904,0.075713247060776,0.059643432497978,0.0035882578231394,-0.1070943698287,-0.023772697895765,0.12733572721481,0.13181710243225,0.11224082112312,0.046435799449682,-0.0094698956236243,-0.044314850121737,0.12278420478106,-0.072601221501827,0.01858839020133,-0.10920110344887,0.024575468152761,0.066435053944588,0.0079099535942078,-0.096080668270588,0.018445149064064,-0.091005928814411,0.06775027513504,0.055915281176567,-0.027307627722621,0.11857706308365,0.081671938300133,0.020233875140548,-0.030478889122605,-0.18046309053898,-0.064204558730125,0.04955505207181,-0.14228695631027,-0.10199001431465,-0.026846894994378,0.1990117430687,0.10901167988777,0.073709048330784,0.039522159844637,0.041464436799288,0.0015302655519918,0.049600180238485,-0.02888960018754,-0.11061140149832,-0.13996377587318,0.10107500851154,-0.013557134196162,-0.085408702492714,-0.039902549237013,0.053308553993702,-0.21754576265812,-0.076210238039494,0.011192376725376,0.070034325122833,0.0094075109809637,0.0218715518713,0.19302119314671,0.17045694589615,-0.00051874498603866,0.020546076819301,0.0083946594968438,-0.050616405904293,0.044314607977867,0.084156394004822,-0.035254668444395,0.10879938304424,0.02923121675849,-0.11149470508099,-0.11308763921261,-0.044571381062269,0.0155512643978,0.12377527356148,-0.18360421061516,0.058795165270567,-0.085620276629925,0.00015804720169399,0.042652558535337,-0.053454384207726,0.047651704400778,-0.076407186686993,0.16200545430183,0.03663582354784,0.13425387442112,0.043486751616001
0.041691083461046,0.15786565840244,-0.079971134662628,0.011962523683906,0.01300591789186,0.10794680565596,-0.039899162948132,-0.11705250293016,-0.011238937266171,-0.073660254478455,0.036416947841644,0.034067615866661,0.020353557541966,-0.070147924125195,-0.036944281309843,-0.051041930913925,-0.078478567302227,-0.0061387154273689,0.0066878208890557,-0.014879184775054,0.073866665363312,0.06662455201149,-0.074511274695396,-0.07862713932991,0.10551526397467,-0.070852383971214,0.028026619926095,-0.024111337959766,-0.079996198415756,0.22263495624065,-0.033172849565744,-0.065408155322075,0.058577753603458,0.010018490254879,0.11845514923334,-0.039728581905365,0.084010437130928,-0.15438593924046,0.09047544747591,-0.082892447710037,0.014642156660557,-0.119195997715,0.19105640053749,0.10889898985624,-0.063611902296543,0.061295405030251,0.12265092134476,-0.028128031641245,-0.095402508974075,0.016857340931892,0.082858756184578,0.033683504909277,0.050349846482277,0.069698639214039,0.070847481489182,-0.00074357626726851,-0.080109983682632,-0.095151044428349,-0.050780806690454,-0.084141917526722,-0.018266044557095,-0.073597706854343,0.049282602965832,-0.028749158605933,0.011540881358087,-0.07549836486578,-0.017457021400332,-0.01284112688154,-0.043899722397327,-0.057635564357042,0.062008034437895,-0.064757905900478,-0.052376303821802,-0.2394146323204,0.04277827963233,0.13705943524837,-0.058223146945238,-0.056977976113558,-0.041402690112591,0.2020538598299,0.04292082414031,-0.017327206209302,0.088355608284473,0.17060959339142,-0.033825073391199,0.11382841318846,-0.02996639162302,-0.091235019266605,-0.020840400829911,0.12379360944033,-0.095798715949059,-0.16960467398167,-0.09552901238203,0.045784797519445,-0.22200244665146,-0.10377997159958,-0.04239908978343,0.051102094352245,0.019937271252275,-0.080453313887119,0.061610586941242,0.13663499057293,0.068847112357616,-0.0080408146604896,-0.069439105689526,0.013730434700847,-0.0011875701602548,0.2121269851923,-0.16364786028862,0.057301908731461,0.047385543584824,-0.1768242418766,-0.14043669402599,0.018874360248446,-0.088470764458179,0.022291539236903,-0.10658728331327,0.052833788096905,-0.0096265692263842,0.04375122487545,0.072377756237984,-0.059703461825848,0.018279483541846,-0.039996720850468,0.16942757368088,-0.0023162076249719,0.15418873727322,0.056707844138145
0.032521404325962,0.11885520070791,-0.12254302948713,0.014373098500073,-0.0032149185426533,0.14237213134766,-0.12084718793631,-0.2269035577774,-0.031192587688565,-0.073801800608635,0.11283718049526,0.017154973000288,-0.0043377545662224,0.012369922362268,-0.039701998233795,-0.023644793778658,-0.07288209348917,0.00068564614048228,0.1270956248045,-0.087659426033497,0.079616211354733,0.086672693490982,-0.024561351165175,-0.12631836533546,0.11560320854187,0.058306396007538,0.029818795621395,-0.064292371273041,-0.0087837856262922,0.18417730927467,0.034217536449432,-0.05028149113059,0.02877695299685,-0.10189168155193,0.12815891206264,0.031460829079151,0.0038800719194114,-0.10578432679176,0.23839275538921,0.02536129206419,-0.024409152567387,-0.00011322185309837,0.020132025703788,0.070156201720238,-0.070192642509937,0.02884978801012,0.096192143857479,-0.044254962354898,-0.033334441483021,-0.11258249729872,0.0094298534095287,0.15541911125183,0.10552699118853,0.058463510125875,-0.050305556505919,0.01252983417362,0.062419936060905,-0.0020745638757944,-0.10239616036415,-0.018942257389426,-0.047411136329174,-0.035153958946466,0.17651303112507,-0.016083708032966,0.015322274528444,-0.030888464301825,0.06663354486227,0.042141478508711,0.067123293876648,0.023837262764573,0.081117413938046,-0.0021799635142088,-0.044559717178345,-0.16833554208279,0.059313256293535,0.035942602902651,-0.16715987026691,-0.13150776922703,-0.10784459859133,0.20297691226006,0.045078329741955,0.075391635298729,0.11059587448835,0.11386182904243,-0.052061740309,0.087525725364685,0.0083421338349581,-0.10007420182228,-0.091976121068001,-0.034370809793472,-0.036634765565395,-0.077641829848289,-0.012669574469328,0.093799516558647,-0.11448484659195,-0.20571970939636,-0.044370371848345,0.083522871136665,0.017311122268438,-0.037956837564707,0.027076123282313,0.11572110652924,0.061693243682384,-0.017138781026006,-0.021503863856196,0.072416484355927,0.10401199012995,0.13014121353626,-0.058462776243687,0.048903293907642,0.05314901843667,-0.17982234060764,-0.096967548131943,0.010357975028455,-0.038277328014374,0.060963321477175,-0.13515673577785,0.022492690011859,0.032079268246889,-0.022138208150864,0.081909410655499,-0.12397060543299,-0.0073741180822253,-0.12017327547073,0.08022840321064,0.074491016566753,0.11649589240551,0.17270910739899
0.02135181427002,0.22106947004795,-0.04850810021162,0.030705785378814,-0.039339113980532,0.081232465803623,-0.050904516130686,-0.15153487026691,-0.033127035945654,-0.04865749925375,0.061701592057943,-0.0070983963087201,0.040644966065884,-0.12878106534481,-0.1039422377944,-0.039552859961987,-0.094966277480125,0.066973134875298,-0.033281471580267,0.0095860809087753,0.12925998866558,0.032790187746286,-0.060062896460295,-0.046079132705927,0.061569612473249,-0.027594543993473,-0.038811281323433,-0.081578984856606,0.0084158405661583,0.22215212881565,-0.046811573207378,-0.021174091845751,0.016479451209307,-0.00046445408952422,0.15004952251911,-0.087568387389183,0.060755100101233,-0.032090183347464,0.11528719961643,-0.070112228393555,-0.037309072911739,-0.11455687135458,0.11371733993292,0.13999608159065,-0.048314891755581,0.046908710151911,0.17349871993065,-0.0208824519068,-0.1447711288929,-0.014293251559138,0.097399838268757,0.10686102509499,0.027637202292681,0.066951267421246,0.032591134309769,-0.034419719129801,0.022913375869393,-0.1300693154335,0.0054295836016536,-0.16725175082684,0.025982204824686,-0.074771232903004,0.075224861502647,0.03124432079494,-0.025180358439684,-0.14388559758663,0.042366787791252,-0.052708376199007,0.0049157720059156,-0.032494600862265,0.038430579006672,-0.088121004402637,-0.02295259386301,-0.15101872384548,0.011633342131972,0.022019909694791,-0.13172419369221,-0.0086478423327208,-0.02420193515718,0.21284757554531,0.030076399445534,0.060859598219395,0.046778090298176,0.11430308222771,0.0037234090268612,0.082206085324287,-0.038225043565035,-0.086994081735611,0.0031757622491568,0.064513497054577,-0.078730531036854,-0.12411009520292,-0.064022779464722,-0.0022543778177351,-0.21568551659584,-0.15780490636826,-0.022716511040926,0.11429247260094,0.010148082859814,-0.11496394872665,0.078924737870693,0.17067466676235,0.074561446905136,0.086164750158787,-0.028649941086769,-0.029131030663848,0.044970668852329,0.25688850879669,-0.042789205908775,0.058537013828754,0.036030076444149,-0.11667712032795,-0.19664588570595,0.023109825327992,-0.089535489678383,0.023386117070913,-0.14039155840874,-0.045990366488695,-0.016398150473833,-0.023083880543709,0.025625156238675,0.0033764999825507,0.0024832484778017,-0.048210602253675,0.10688418895006,-0.019936529919505,0.12720155715942,0.048907414078712
0.034351978451014,0.2114344984293,-0.014591937884688,0.046495586633682,0.0011892680777237,0.15063591301441,-0.10890939831734,-0.21132402122021,0.043825302273035,-0.017263269051909,0.11700487881899,-0.059339180588722,-0.019570890814066,0.0011266875080764,0.069370917975903,-0.068190380930901,-0.037731669843197,0.10016220808029,-0.014708120375872,-0.11504964530468,0.010659288614988,0.11144398152828,-0.063254445791245,-0.10219352692366,0.15192773938179,-0.10972915589809,-0.042394664138556,0.077281683683395,-0.049317877739668,0.13919666409492,0.085230067372322,0.028048142790794,-0.014990834519267,-0.011196650564671,0.12896622717381,0.054430242627859,0.045010935515165,-0.21445998549461,0.18441087007523,-0.00018018178525381,0.029273096472025,-0.065332062542439,0.071745224297047,0.032982606440783,-0.042545452713966,-0.020096322521567,0.020750664174557,0.061522275209427,-0.010643585585058,-0.028689801692963,0.098221138119698,0.17258694767952,0.011858866550028,0.016397105529904,-0.10861364752054,-0.0025363359600306,-0.047614224255085,-0.12741701304913,-0.025190647691488,-0.03099081479013,-0.069747626781464,-0.0071626184508204,0.012875977903605,-0.033526629209518,-0.074161805212498,0.0079001355916262,0.087723225355148,0.012094507925212,-0.029614541679621,0.10995081067085,0.10456167906523,-0.0073621482588351,0.015646824613214,-0.14731454849243,-0.0028850175440311,-0.020959643647075,-0.12052785605192,-0.12604077160358,-0.11521978676319,0.12549091875553,0.095376923680305,0.094677023589611,0.087746009230614,0.10676392167807,0.0011390506988391,0.12213701754808,-0.049315869808197,-0.13905949890614,-0.059429775923491,0.091510832309723,-0.045984763652086,-0.11236545443535,-0.010538531467319,0.022426649928093,-0.15111936628819,-0.16406658291817,-0.11004655063152,0.016808284446597,-0.038229037076235,-0.046100411564112,0.057031083852053,0.1275197416544,0.081666439771652,-0.020176213234663,0.042787816375494,0.054343193769455,0.066272087395191,0.11068211495876,-0.041444040834904,0.12108352780342,0.015556215308607,-0.15623013675213,-0.11211846023798,0.082248017191887,-0.082872070372105,-0.081024691462517,-0.056666247546673,0.062993273139,0.063486970961094,-0.028822869062424,0.14237910509109,-0.080220624804497,0.00613654544577,-0.009235124103725,0.16738542914391,-0.060916088521481,0.16383123397827,0.1211739256978
0.018105981871486,0.17945912480354,-0.013992008753121,0.014726491644979,-0.017036886885762,0.12366822361946,-0.092666946351528,-0.21632248163223,0.059551436454058,-0.05254327878356,0.104437507689,-0.047085367143154,-0.049096636474133,0.033982582390308,0.0015456065302715,-0.097437769174576,-0.043849814683199,0.072743706405163,0.0071737435646355,-0.16232568025589,0.030761936679482,0.11877904087305,-0.051743172109127,-0.11370795965195,0.12321691960096,-0.075499832630157,-0.0071625811979175,0.079458482563496,-0.0020959409885108,0.13436712324619,0.07832195609808,-0.054550375789404,-0.017822086811066,-0.081060700118542,0.1180547401309,0.025679988786578,-0.021549049764872,-0.13015383481979,0.18299761414528,0.073127828538418,-0.012149225920439,0.017667656764388,-0.049760520458221,0.023388100787997,-0.02803042717278,0.015765264630318,-0.037017587572336,0.0053613008931279,0.013691604137421,-0.10854767262936,0.047783322632313,0.26364794373512,0.046396214514971,0.0073858997784555,-0.15041056275368,-0.0067367949523032,0.02322955429554,-0.045272164046764,-0.093398399651051,0.0047829165123403,-0.034763742238283,-0.0017367386026308,0.073291182518005,0.021559059619904,-0.061657845973969,-0.056678134948015,0.10476387292147,0.055892784148455,0.0093141552060843,0.13885000348091,0.15552312135696,-0.014472504146397,0.014809331856668,-0.14270700514317,-0.0060824467800558,0.025240739807487,-0.1662416011095,-0.14746832847595,-0.12377700954676,0.12326165288687,0.0354845225811,0.11435406655073,0.11692076176405,0.11254920810461,-0.011236783117056,0.067713655531406,-0.010213927365839,-0.12186952680349,-0.10526522248983,0.0018666115356609,-0.062017701566219,-0.1120755597949,0.048510428518057,0.059923592954874,-0.094472609460354,-0.21567413210869,-0.075992301106453,-0.028364956378937,-0.0035170936025679,-0.0094451429322362,0.049578778445721,0.14588832855225,0.038636215031147,0.01212314888835,0.039366438984871,0.034651633352041,0.096936516463757,0.082133628427982,-0.013904093764722,0.067857354879379,0.060844413936138,-0.17447549104691,-0.11180437356234,0.10558791458607,-0.06241662055254,0.0089540183544159,-0.12060685455799,0.066799432039261,0.067724987864494,-0.035338997840881,0.076673693954945,-0.089885160326958,-0.070435434579849,-0.073883704841137,0.16190296411514,0.00099849794059992,0.10549956560135,0.12206046283245
0.11015113443136,0.16101883351803,-0.02794093452394,0.076289542019367,0.0047011934220791,0.18201279640198,-0.11971186846495,-0.20884545147419,-0.019360899925232,-0.1244533509016,0.074452139437199,-0.017465408891439,-0.01998189650476,0.00040587512194179,0.00022542725491803,-0.068502388894558,0.014433769509196,0.024360526353121,0.043181534856558,-0.044057335704565,0.061116717755795,0.12155458331108,-0.0063002966344357,-0.0557851344347,0.12947517633438,-0.087192386388779,-0.0027971973177046,0.012443756684661,-0.058582853525877,0.17076717317104,0.044370148330927,-0.043747499585152,0.0026881545782089,-0.019307404756546,0.13625001907349,0.027577146887779,0.060251444578171,-0.12481447309256,0.15878465771675,-0.045279938727617,-0.035727970302105,-0.031107431277633,0.046491354703903,-0.0039753750897944,-0.074927508831024,0.054333079606295,0.060002196580172,0.00041916241752915,-0.043785687536001,0.020716907456517,0.10772988200188,0.19799166917801,0.10170016437769,0.072707131505013,-0.012329243123531,-0.059904027730227,0.043886568397284,-0.09527150541544,-0.023557063192129,-0.083906337618828,-0.040091019123793,0.01473337970674,0.05483889952302,-0.099429897964001,-0.036894362419844,-0.068191453814507,0.083502620458603,0.027397617697716,-0.043178062886,0.10055515170097,0.099680341780186,-0.025663129985332,-0.041697114706039,-0.17263652384281,0.014955165795982,0.048628237098455,-0.097950428724289,-0.10103111714125,-0.062611728906631,0.22838006913662,0.067933760583401,0.065225936472416,0.11949314177036,0.086960539221764,0.048307616263628,0.074424035847187,-0.066127918660641,-0.10252816230059,-0.095276974141598,0.086663134396076,-0.037756510078907,-0.12196777760983,-0.011249943636358,0.097310774028301,-0.16338436305523,-0.18256139755249,-0.011817807331681,0.061916094273329,-0.013458101078868,-0.075009949505329,0.08691293746233,0.19890883564949,0.048112507909536,0.023924319073558,-0.019794864580035,0.034783408045769,0.088806219398975,0.10728151351213,-0.052200507372618,0.095789149403572,0.051586970686913,-0.15285611152649,-0.088874600827694,0.072285316884518,-0.06586604565382,0.01114509254694,-0.1241414770484,0.037183489650488,-0.014954061247408,0.016642024740577,0.062412865459919,-0.081801615655422,0.019105479121208,-0.085819393396378,0.18657442927361,0.0064816637896001,0.20708650350571,0.098096512258053
-0.010443923994899,0.21791352331638,-0.019244287163019,0.026202341541648,-0.067282915115356,0.12378541380167,-0.12173783034086,-0.15241393446922,0.020849218592048,-0.026277264580131,0.073252953588963,-0.056005254387856,-0.059335451573133,-0.063899874687195,-0.013711092993617,-0.096521154046059,-0.060208659619093,0.10989417880774,0.069388091564178,-0.12291164696217,0.045898921787739,0.054952930659056,-0.043007899075747,-0.12078762054443,0.1158334389329,-0.092124760150909,0.00037202576640993,0.0073626353405416,-0.025807065889239,0.13204526901245,0.036657266318798,-0.07532375305891,0.074731722474098,-0.051692087203264,0.16510245203972,-0.023584602400661,0.040309876203537,-0.15482804179192,0.15099190175533,-0.040722399950027,-0.033983841538429,-0.096817299723625,0.032023586332798,0.03926845267415,-0.027083506807685,0.046833284199238,0.054921992123127,-0.018737943843007,-0.12709486484528,-0.059380348771811,0.035863120108843,0.1970097720623,0.099639594554901,0.028620723634958,-0.1157813668251,0.018831657245755,0.051623091101646,-0.17017921805382,-0.083669617772102,-0.069555290043354,0.00019175032502972,0.0089805880561471,0.044568352401257,-0.010578702203929,-0.0082432385534048,-0.03579967841506,0.048189133405685,-0.021983420476317,-0.034550186246634,0.079835578799248,0.072892688214779,-0.11378790438175,-0.05386571213603,-0.1869298517704,0.005778691265732,0.038180906325579,-0.12819458544254,-0.10267540067434,-0.06901578605175,0.11671608686447,-0.061156932264566,0.072970733046532,0.052295040339231,0.12904696166515,0.0011963709257543,0.11712352931499,-0.085251718759537,-0.13147354125977,-0.043952271342278,0.084021985530853,-0.052059434354305,-0.098370537161827,0.0040003196336329,0.049799475818872,-0.11098063737154,-0.17001451551914,-0.063779197633266,0.061698660254478,-0.034121874719858,-0.043719246983528,0.094139836728573,0.13827289640903,0.029754787683487,-0.040197469294071,0.068150170147419,0.039756175130606,0.13977554440498,0.10994192957878,-0.073342487215996,0.071723356842995,0.019859597086906,-0.20233561098576,-0.075989238917828,0.0057575916871428,-0.06066232919693,-0.031446099281311,-0.11248152703047,0.0083451839163899,0.11757944524288,-0.0283691752702,0.086068749427795,-0.115035392344,-0.046208899468184,-0.08101050555706,0.20286330580711,-0.0032980360556394,0.18250459432602,0.087854199111462
0.047458786517382,0.18949897587299,-0.018334273248911,0.016601832583547,0.020153807476163,0.1587927788496,-0.083226710557938,-0.11063794791698,0.047082047909498,-0.070325903594494,0.083780914545059,-0.013384045101702,-0.048824720084667,-0.11813950538635,-0.00033319476642646,-0.10054717212915,-0.088121369481087,0.058312978595495,0.0065861083567142,-0.065237730741501,0.082380264997482,0.10733707249165,-0.028180986642838,-0.095247618854046,0.12073451280594,-0.13912861049175,0.017913781106472,0.0098027270287275,-0.033131379634142,0.14083920419216,0.048661526292562,-0.1489587277174,0.037110589444637,-0.0075438432395458,0.17063435912132,-0.029587337747216,0.067197516560555,-0.17976561188698,0.12212891131639,-0.04808346927166,0.005113332066685,-0.077981732785702,0.071419812738895,0.094831295311451,-0.095326401293278,-0.023957531899214,0.042981151491404,0.012574282474816,-0.039668500423431,0.066309332847595,0.046533793210983,0.14683927595615,0.010746714659035,0.0493069216609,-0.046428702771664,-0.032525472342968,-0.020020043477416,-0.14019827544689,-0.10669021308422,-0.083074472844601,-0.036829877644777,-0.060133762657642,0.072973810136318,-0.03271047398448,-0.021437374874949,-0.10455828160048,0.039322473108768,-0.025456491857767,-0.025555968284607,0.076278582215309,0.083654724061489,-0.024072673171759,-0.021053802222013,-0.174889087677,-0.01385950203985,0.029663227498531,-0.10538046061993,-0.061538144946098,-0.04371265694499,0.1756179779768,0.018448354676366,0.051128081977367,0.11352218687534,0.17498961091042,0.043342214077711,0.087618701159954,-0.054067954421043,-0.056267566978931,-0.0063617653213441,0.10357158631086,-0.024334874004126,-0.13903857767582,-0.068980313837528,0.043927326798439,-0.15232907235622,-0.22414743900299,-0.084244847297668,0.04951848462224,-0.060858704149723,-0.057547964155674,0.076832972466946,0.13650208711624,0.056630160659552,-0.063253924250603,0.031969230622053,0.035976003855467,0.11399458348751,0.13627804815769,-0.06453251093626,0.11034478992224,0.042488928884268,-0.17675530910492,-0.094005167484283,0.08547418564558,-0.062128711491823,-0.014047555625439,-0.059445798397064,0.060263715684414,0.040582746267319,0.022530380636454,0.083380870521069,-0.052062679082155,-0.0097023220732808,-0.030916970223188,0.18292109668255,-0.051367320120335,0.21921494603157,0.11552549153566
0.064213462173939,0.20936490595341,-0.066928841173649,0.042831312865019,0.018190748989582,0.1328818500042,-0.035240050405264,-0.11347062140703,-0.088204935193062,-0.011617781594396,0.13615018129349,0.032514613121748,-0.03090944327414,-0.096203945577145,-0.060634519904852,-0.02936596237123,-0.040269508957863,0.02609565295279,0.062714718282223,-0.062364485114813,0.078616239130497,0.043145254254341,-0.063124231994152,-0.11612553149462,0.15158849954605,-0.0019285426242277,0.039986971765757,0.0032193791121244,0.036317620426416,0.15303897857666,-0.016271384432912,-0.083661921322346,-0.033036839216948,-0.043763041496277,0.070326671004295,-0.05495722219348,-0.014458214864135,-0.13318288326263,0.219656214118,0.025836810469627,-0.0064289849251509,-0.052365925163031,0.071244403719902,0.11012789607048,-0.093017742037773,0.01003229059279,0.092359140515327,-0.076583169400692,-0.080626256763935,-0.046290285885334,0.12173300236464,0.22947926819324,-0.086897559463978,0.048914231359959,-0.04905166849494,-0.031977981328964,0.004092956893146,-0.041012320667505,-0.083940550684929,0.0037645534612238,-0.019362196326256,-0.12722751498222,0.14292812347412,-0.038412604480982,0.026604263111949,-0.12517790496349,0.026273680850863,-0.014527996070683,0.011875159107149,0.080045059323311,0.086721010506153,0.072596199810505,-0.019162429496646,-0.10768661648035,0.020646817982197,0.019701637327671,-0.078342370688915,0.024602733552456,-0.09507966786623,0.18292579054832,-0.031101720407605,0.018997618928552,0.17557519674301,0.1675082296133,-0.028464635834098,0.052748393267393,0.019826751202345,-0.069708570837975,-0.004279553424567,-0.022748347371817,-0.097979389131069,-0.11500152945518,-0.087958827614784,0.072378359735012,-0.10648413747549,-0.23979516327381,0.017828481271863,0.025213535875082,-0.026264054700732,-0.061983406543732,-0.049568705260754,0.17134533822536,0.051067024469376,0.07886553555727,0.0034730941988528,0.050140701234341,0.099040068686008,0.23493686318398,-0.016035836189985,-0.0047985026612878,0.024872489273548,-0.13644905388355,-0.12548142671585,0.10588868707418,-0.003580441698432,-0.030215186998248,-0.075755886733532,0.027069902047515,0.057621955871582,0.020010082051158,0.028434038162231,-0.047051921486855,-0.012901635840535,-0.057146195322275,0.17421616613865,0.0073369415476918,0.16555005311966,0.11420971155167
0.0095602311193943,0.1044016033411,-0.069846197962761,0.0062835388816893,-0.055373247712851,0.012677115388215,-0.087588764727116,-0.14151047170162,-0.030953781679273,0.029671248048544,0.12128545343876,0.0023605958558619,0.023081326857209,0.067417055368423,-0.041219916194677,-0.080313794314861,0.050886526703835,0.092342019081116,0.14326366782188,-0.051932938396931,0.050926897674799,0.10057027637959,-0.087380692362785,-0.0018638647161424,0.055151708424091,0.040665417909622,0.093909665942192,0.011511367745697,0.010709851980209,0.22427687048912,-0.054481215775013,-0.14095535874367,0.083108462393284,-0.11605662107468,0.12354473024607,-0.017246412113309,0.014674111269414,-0.075806878507137,0.10496436059475,0.021784042939544,-0.10365058481693,0.025242496281862,-0.0025095771998167,0.14515529572964,-0.063280574977398,0.038831971585751,0.059819236397743,-0.043743535876274,0.0231121648103,-0.12766553461552,0.14073026180267,0.18406344950199,0.042092382907867,0.030282810330391,-0.0072274347767234,0.031712986528873,0.026529833674431,-0.061193093657494,0.0037482166662812,-0.03056550770998,0.01624695584178,-0.12780573964119,0.055028166621923,0.066688612103462,-0.022360127419233,-0.17717592418194,0.076897114515305,-0.019802564755082,0.070987932384014,0.001259985845536,0.1153115183115,-0.07761212438345,-0.0014262530021369,-0.23985333740711,-0.0085983164608479,0.061912786215544,-0.14539340138435,0.021967008709908,-0.040607608854771,0.14389006793499,0.012573487125337,0.059839237481356,0.098383903503418,0.12054521590471,0.043757028877735,-0.001470492919907,0.0042263134382665,-0.10626081377268,-0.023647813126445,-0.012071635574102,-0.18588416278362,-0.052227426320314,0.017392894253135,0.049707762897015,-0.12530954182148,-0.22628779709339,-0.011805244721472,0.011394639499485,0.029951177537441,-0.087969206273556,0.072667315602303,0.23923546075821,0.10208082199097,-0.027306370437145,-0.025186724960804,-0.021454947069287,0.095141544938087,0.031838238239288,-0.02062469907105,0.043820306658745,0.05362581089139,-0.21202132105827,-0.10179800540209,0.033945687115192,-0.1080322265625,0.045664481818676,-0.085122399032116,-0.068445540964603,-0.069369249045849,-0.072737783193588,0.0033060389105231,-0.10149475932121,-0.089336350560188,-0.11439763754606,0.10227343440056,0.05944150686264,0.091703578829765,0.13926216959953
0.058638267219067,0.17699563503265,0.06597613543272,0.070341810584068,-0.044235281646252,0.15422610938549,-0.083835117518902,-0.20787133276463,0.0038645532913506,-0.094817698001862,0.094747386872768,-0.039152454584837,-0.062544927000999,-0.013864260166883,0.038527082651854,-0.098801963031292,-0.087453678250313,0.018470533192158,0.01909438893199,-0.13512682914734,0.035394892096519,0.11794020235538,-0.056157946586609,-0.062627971172333,0.15666215121746,-0.082727551460266,-0.023410735651851,0.060919135808945,-0.025500303134322,0.12779906392097,0.06737656891346,-0.062493991106749,-0.048111323267221,-0.02151445299387,0.11562825739384,0.0056834723800421,-0.0011497722007334,-0.1516043394804,0.19459310173988,0.039858371019363,0.011275602504611,-0.050006411969662,-0.0037959148176014,-0.01982044801116,-0.027346445247531,-0.012807761318982,0.0059043779037893,-0.018940253183246,-0.026158098131418,-0.036563161760569,0.078258223831654,0.22796188294888,0.080510348081589,0.050561316311359,-0.082297518849373,-0.027178417891264,0.01502619124949,-0.055578399449587,-0.06860712915659,-0.034529205411673,-0.038954675197601,0.016894657164812,0.045907150954008,-0.018360015004873,-0.07195121794939,0.019323157146573,0.12680913507938,-0.013468615710735,-0.038078978657722,0.10523759573698,0.093847118318081,-0.0013224446447566,-0.00079616875154898,-0.091780334711075,0.046301770955324,0.0012520925374702,-0.12672141194344,-0.17828595638275,-0.077182285487652,0.22348918020725,0.072867944836617,0.058704528957605,0.13929364085197,0.075695767998695,0.013422048650682,0.069931000471115,-0.033055409789085,-0.12650735676289,-0.11343360692263,0.052584853023291,-0.025535752996802,-0.10971758514643,0.041627626866102,0.083866663277149,-0.17723633348942,-0.19432474672794,-0.052620992064476,-0.0075312093831599,0.033841442316771,-0.033351853489876,0.048140127211809,0.15449298918247,0.03812887519598,0.019253013655543,0.031793564558029,0.054413467645645,0.1138596907258,0.12394305318594,-0.039011873304844,0.065999194979668,0.068896777927876,-0.14415127038956,-0.10703928768635,0.059867646545172,-0.048224188387394,0.0088056512176991,-0.10090658068657,0.101930744946,0.053510971367359,-0.017400648444891,0.089295223355293,-0.10130576044321,-0.029759157449007,-0.084730818867683,0.17690196633339,0.021561447530985,0.17586134374142,0.12380043417215
0.015785120427608,0.22783645987511,0.0083545604720712,0.028997365385294,-0.050313867628574,0.10185999423265,-0.10072164237499,-0.19386655092239,-0.00062448350945488,-0.018081594258547,0.15608151257038,-0.036187369376421,0.013415045104921,-0.054547984153032,-0.024495849385858,-0.029229139909148,-0.077368997037411,0.078131727874279,-0.025444971397519,-0.081367500126362,0.11023107916117,0.077133819460869,-0.066721245646477,-0.054055411368608,0.11350502073765,-0.023446884006262,0.018397528678179,-0.0039629829116166,0.046973261982203,0.19014263153076,0.0078220795840025,-0.052080556750298,0.022403076291084,-0.031826160848141,0.13585253059864,-0.024091200903058,0.0032321787439287,-0.080373264849186,0.17226305603981,0.0073945773765445,-0.052743457257748,-0.085163526237011,0.016415553167462,0.11227650940418,-0.022545952349901,0.030516497790813,0.077273085713387,-0.014911284670234,-0.122084595263,-0.10759491473436,0.095375396311283,0.1972933113575,0.0079457722604275,0.020770302042365,-0.077156253159046,0.0096088768914342,-0.020171651616693,-0.08062420040369,-0.055026669055223,-0.059107910841703,-0.016492053866386,-0.092177733778954,0.089241489768028,0.045021187514067,-0.015425436198711,-0.078949570655823,0.057388678193092,-0.0028220531530678,-0.0023918270599097,0.063659556210041,0.075568646192551,-0.072681568562984,-0.0211634747684,-0.21167179942131,0.03109129332006,-0.0055590802803636,-0.14783577620983,-0.044646617025137,-0.084196299314499,0.20441570878029,0.055124096572399,0.049115408211946,0.076916597783566,0.095206402242184,-0.03405474498868,0.080581076443195,-0.020276190713048,-0.13770592212677,-0.077146403491497,0.068916723132133,-0.082216918468475,-0.13831725716591,-0.047666657716036,0.078280940651894,-0.18285588920116,-0.18402786552906,-0.080989338457584,0.022699555382133,0.040832690894604,-0.063218541443348,0.067062698304653,0.16175770759583,0.036121018230915,0.032083179801702,0.039528038352728,0.023959515616298,0.098049089312553,0.1807065308094,0.0058102351613343,-0.008624923415482,0.019933834671974,-0.1317981928587,-0.15932847559452,0.064461052417755,-0.029476316645741,0.010705824941397,-0.17462281882763,0.022092893719673,0.027175495401025,-0.015163253061473,0.056622259318829,-0.075291588902473,-0.061048313975334,-0.044078651815653,0.18749669194221,0.029929272830486,0.15171152353287,0.088054560124874
-0.018728949129581,0.10156063735485,0.039254311472178,-0.15285941958427,0.006300444714725,0.16834419965744,-0.14944052696228,-0.045533120632172,-0.031146263703704,-0.031672108918428,0.001722096814774,-0.063680894672871,-0.10081878304482,-0.015516706742346,0.13112008571625,-0.023673929274082,-0.030849182978272,-0.043306183069944,0.15341408550739,-0.14088685810566,-0.042131520807743,0.27644723653793,0.01088350918144,0.078862868249416,0.05009151995182,0.0095783332362771,0.22229331731796,0.049290124326944,0.12155240029097,-0.001914382330142,0.09326309710741,-0.29030248522758,0.013739508576691,-0.049452785402536,0.10957423597574,0.089637145400047,-0.007192702498287,-0.20571877062321,0.032653301954269,0.13622534275055,-0.042379703372717,-0.0024443925358355,-0.020885713398457,0.12766766548157,-0.0061674234457314,0.090362131595612,0.053535513579845,0.072368323802948,-0.067868463695049,0.030325973406434,0.011435371823609,0.083220720291138,0.067401900887489,-0.086699821054935,-0.074358463287354,0.073956415057182,-0.016775874421,0.11997398734093,-0.058386504650116,0.029677243903279,-0.093509286642075,0.049321487545967,0.13015249371529,0.0035004036035389,0.012579231522977,-0.11243972182274,0.032604899257421,-0.055082842707634,-0.027625927701592,0.16870918869972,-0.000572539283894,0.0073020183481276,-0.079574607312679,-0.10390365123749,0.056022118777037,-0.02178743109107,-0.096649713814259,0.048534709960222,-0.003418812295422,0.058140024542809,0.14921489357948,0.064304307103157,0.061772383749485,0.070340223610401,0.026448989287019,-0.078093722462654,-0.04820778220892,-0.05664236843586,-0.10146195441484,0.13031497597694,0.051791865378618,0.038908116519451,-0.083581782877445,0.11216881871223,0.086750328540802,0.014751042239368,-0.020305272191763,0.04537545889616,-0.0046057966537774,-0.026125712320209,-0.002441520569846,0.072977602481842,-0.047244984656572,-0.15040522813797,-0.1115790605545,0.04315909743309,0.017171477898955,-0.16902694106102,-0.032869759947062,0.033984895795584,0.20138208568096,-0.023142931982875,0.072129800915718,0.019594827666879,-0.024592557922006,0.064553320407867,-0.012889848090708,0.010579532943666,-0.020372204482555,0.059733208268881,0.11315411329269,-0.15777085721493,-0.0053358650766313,-0.091766960918903,-0.054543253034353,0.071743130683899,0.058701850473881,0.042146828025579
0.057320814579725,0.11757661402225,-0.031921576708555,-0.10877849161625,-0.049878273159266,0.11702004820108,-0.087418451905251,-0.057401448488235,0.035209182649851,-0.06484055519104,0.13851578533649,-0.078713297843933,-0.052053354680538,0.071017898619175,0.055481687188148,0.02320840395987,-0.055471602827311,-0.091488867998123,0.021653288975358,-0.15492217242718,-0.011527891270816,0.21865646541119,0.032975167036057,-0.086490422487259,0.014512192457914,-0.0046758418902755,0.22044797241688,0.055657178163528,0.054078750312328,0.026304455474019,0.013732896186411,-0.1587610244751,0.021672347560525,-0.028063787147403,0.00017990304331761,0.099748283624649,-0.033138003200293,-0.066667072474957,0.061197612434626,0.23394474387169,-0.097504049539566,0.0059471419081092,-0.14213934540749,0.059502769261599,0.013086597435176,0.17257623374462,-0.046692088246346,-0.038966968655586,-0.078449226915836,-0.028606355190277,-0.0065019032917917,0.2390451580286,-0.057764295488596,0.0048914784565568,-0.15409405529499,0.030887460336089,0.0094723040238023,0.064699552953243,-0.11678934842348,0.16519778966904,-0.087545081973076,-0.068944118916988,0.13952113687992,-0.021212007850409,0.018886510282755,-0.14902816712856,0.047078464180231,0.12184578180313,0.052265081554651,0.22674672305584,0.09343957901001,-0.0055479239672422,-0.07051482796669,-0.12793384492397,0.061911791563034,0.02050499804318,-0.078705444931984,-0.015140265226364,-0.16542631387711,0.063804127275944,0.080018624663353,-0.020244548097253,0.032757025212049,0.039607595652342,-0.12413857132196,0.048893604427576,0.0077031971886754,-0.16244569420815,-0.16345842182636,0.050076391547918,0.0047529307194054,-0.10282472521067,-0.097280763089657,0.10856103897095,0.059114459902048,-0.015204405412078,-0.026129463687539,-0.08285167068243,0.10339307039976,0.047338757663965,-0.047774821519852,0.06198824942112,-0.069485157728195,-0.018046082928777,-0.015041234903038,0.0093516865745187,-0.015388602390885,0.0055831912904978,-0.039617922157049,-0.089592754840851,0.074470117688179,-0.045414440333843,0.00038524955743924,0.05028322711587,0.048157647252083,0.090953297913074,-0.053624112159014,0.025182129815221,0.082475528120995,0.07696171849966,0.06613889336586,-0.10590394586325,0.0023908419534564,0.047538332641125,0.14850342273712,0.017834594473243,0.085768766701221,0.066822223365307
0.026732658967376,-0.20645435154438,-0.096466273069382,-0.016748618334532,0.17071276903152,0.0066181821748614,0.01373291388154,0.12961211800575,0.0027179650496691,-0.069986946880817,0.0091756684705615,0.1396795809269,-0.023849237710238,-0.06737457215786,-0.081151150166988,-0.029199380427599,-0.011283056810498,0.16970300674438,-0.040396604686975,0.055346801877022,0.06679630279541,0.016858926042914,0.028436299413443,0.10111582279205,-0.022701403126121,-0.092844620347023,0.11883372813463,-0.06984043866396,-0.11442641913891,-0.03993945941329,-0.071937792003155,-0.11496192961931,0.0092898812144995,0.017901219427586,-0.038197714835405,0.0012285568518564,-0.081557527184486,-0.26623666286469,-0.1496107429266,-0.0071709984913468,0.16053485870361,0.050652340054512,0.011424303986132,0.18450416624546,-0.16748481988907,-0.039426803588867,-0.0051642521284521,-0.010801045224071,0.034221783280373,0.059557262808084,-0.0097012091428041,-0.19944509863853,-0.085807099938393,-0.023829590529203,-0.01690455712378,0.025680826976895,-0.02620262093842,-0.0058761294931173,0.00062661344418302,0.12089506536722,0.065388135612011,0.02001379430294,-0.012611516751349,0.10777115821838,-0.026062771677971,-0.20585238933563,-0.11589603126049,0.011032726615667,0.10957300662994,0.045525271445513,0.015383130870759,0.021744564175606,0.064960055053234,-0.17391838133335,-0.084824040532112,0.10196568071842,-0.040801171213388,0.15882322192192,-0.080359645187855,-0.10572759062052,-0.05492827668786,0.082473456859589,-0.010350286960602,0.047705933451653,-0.073525093495846,0.1793455183506,0.1052134335041,0.032933413982391,-0.11908888816833,-0.0093017360195518,0.04093461856246,0.018690539523959,-0.18706159293652,-0.1124953776598,-0.00025901210028678,0.028020078316331,-0.11934839934111,-0.048587806522846,-0.060996670275927,-0.028060402721167,0.011656239628792,-0.093627780675888,0.1139981970191,-0.089332848787308,0.067022241652012,-0.056271277368069,-0.082961149513721,0.046117376536131,-0.20112957060337,0.041542042046785,0.017750727012753,-0.062736839056015,0.10416602343321,-0.052183177322149,-0.090266764163971,-0.013439934700727,0.0069862217642367,-0.061833124607801,-0.024411350488663,0.038159810006618,-0.0056226057931781,0.020960684865713,-0.11152599006891,0.030234636738896,-0.077903531491756,-0.027523351833224,-0.12654858827591,0.026040215045214
0.054009169340134,-0.11069762706757,-0.049793787300587,0.050096824765205,0.10595235228539,-0.058439694344997,0.066134363412857,0.084738202393055,-0.06592845916748,0.028793834149837,0.031509146094322,0.140410348773,0.061051454395056,-0.013877346180379,-0.041524175554514,-0.059219736605883,0.064255237579346,0.034848410636187,-0.10979353636503,0.11506327241659,-0.093242265284061,0.01576242223382,0.010300067253411,-0.016104329377413,-0.050754077732563,-0.026333497837186,0.011188771575689,0.063719548285007,-0.09783386439085,-0.032503459602594,-0.097121015191078,0.064338102936745,-0.036567691713572,-0.014462575316429,-0.15553726255894,-0.036813229322433,-0.16286291182041,-0.097864173352718,-0.16836880147457,0.081577219069004,0.12559098005295,0.046047300100327,-0.09037110209465,0.12447861582041,-0.1850139349699,0.021529851481318,-0.094513580203056,-0.0053206286393106,0.10822423547506,0.04357373341918,0.16893199086189,0.028677402064204,-0.19032406806946,-0.073942936956882,-0.046455651521683,-0.08262761682272,-0.098510265350342,-0.039021238684654,0.11989615857601,0.18405736982822,-0.0072762267664075,-0.071815490722656,-0.13316375017166,0.13968290388584,-0.044865604490042,-0.2384852617979,-0.019331907853484,0.051863860338926,0.03290643543005,0.0094789294525981,0.11768448352814,0.067524433135986,0.17452023923397,-0.016701146960258,-0.094940863549709,0.10520938038826,-0.055411741137505,0.040296066552401,-0.072165094316006,0.060020051896572,-0.011099804192781,-0.10901990532875,0.062413670122623,0.058542978018522,-0.015123886056244,0.0069307247176766,0.1538710296154,-0.013690267689526,-0.076839946210384,-0.085313320159912,-0.16987325251102,0.048015974462032,-0.090822771191597,-0.056162178516388,-0.10139925777912,-0.083100765943527,0.055277869105339,-0.17936505377293,-0.05293358489871,-0.087477475404739,-0.048303339630365,0.095580130815506,0.1267444640398,0.048539981245995,-0.028254088014364,-0.10149563103914,-0.088324688374996,0.17152714729309,0.021725120022893,0.023466126993299,0.034827630966902,-0.005403536837548,-0.037633176892996,0.045164875686169,-0.12790779769421,-0.087945155799389,-0.013115630485117,0.0070663704536855,-0.023358032107353,0.060292202979326,-0.075400970876217,0.044577974826097,-0.12739686667919,0.044924892485142,0.085905842483044,-0.085298240184784,-0.077065721154213,0.033600267022848
0.073798649013042,0.12968225777149,-0.09850550442934,-0.063521355390549,-0.0054791164584458,-0.020902771502733,0.095434077084064,-0.099985256791115,-0.014428931288421,-0.026679389178753,0.10043884068727,-0.02811280079186,0.017527541145682,0.13991114497185,0.076653122901917,0.038266818970442,0.040999937802553,-0.13745518028736,0.057855498045683,-0.13038067519665,-0.04035434871912,0.16278292238712,-0.05390964448452,-0.13621205091476,0.02493448369205,0.11298602819443,0.061066035181284,0.041282474994659,0.18161039054394,0.14161111414433,-0.012165809050202,0.1133376210928,0.0038779086899012,-0.059752199798822,-0.03597866371274,5.3709136409452e-05,0.059902552515268,0.10763338208199,0.19074818491936,0.17434501647949,-0.0037525496445596,0.068374127149582,-0.027940806001425,0.037680581212044,-0.036946751177311,0.14430728554726,-0.0026170336641371,-0.10318867862225,0.0044179796241224,-0.20900656282902,-0.036454010754824,0.20738293230534,-0.04887381196022,0.025088388472795,-0.07494692504406,0.033080615103245,-0.015314121730626,0.17566342651844,-0.11198857426643,0.16635401546955,-0.11950091272593,-0.15946958959103,0.13602493703365,-0.038299098610878,0.01887808740139,0.011236752383411,0.073713608086109,0.036901667714119,0.077648617327213,-0.0069367750547826,0.063051789999008,0.02184003405273,-0.031868956983089,0.046356495469809,0.097448915243149,-0.018144400790334,-0.039090856909752,-0.067696310579777,-0.15018823742867,0.02359239757061,0.094369061291218,0.036088924854994,0.054236609488726,0.011536093428731,-0.0021275896579027,-0.047415666282177,0.049365039914846,-0.1450396925211,-0.12749409675598,-0.07366618514061,0.0044929394498467,-0.090546302497387,-0.082794852554798,0.018268099054694,0.093033626675606,-0.078187189996243,0.058454606682062,-0.039506789296865,0.13790315389633,0.069536328315735,-0.1755845695734,0.037539266049862,0.053393393754959,0.16249364614487,-0.18405276536942,0.016733735799789,0.0072251916863024,0.11949323117733,0.09555347263813,-0.12123733013868,0.07263757288456,-0.061669360846281,-0.15365260839462,0.054473672062159,0.044881414622068,0.021376442164183,-0.0073892478831112,-0.061958223581314,0.063140116631985,0.0073599903844297,0.06330419331789,-0.0035967291332781,0.0036677995231003,0.068089328706264,0.063041716814041,-0.023114496842027,-0.0074616554193199,0.043569810688496
0.09248448163271,0.083777733147144,-0.053117442876101,0.10007216781378,0.049741920083761,0.054331067949533,0.02507727779448,0.0033944395836443,-0.028660451993346,0.047332819551229,0.16067948937416,0.024872176349163,0.090324357151985,-0.049653172492981,-0.0027573599945754,0.056228198111057,0.070520013570786,0.17648504674435,-0.12122614681721,0.095439292490482,0.092261999845505,-0.081766873598099,0.10548329353333,0.012802237644792,-0.022531984373927,-0.23234084248543,-0.11092783510685,-0.06724476069212,-0.089610107243061,0.084455475211143,-0.060873840004206,0.040483050048351,0.030060708522797,0.11913711577654,-0.054195120930672,0.015247990377247,0.0074804807081819,-0.066735297441483,-0.047093510627747,0.051715094596148,-0.064918614923954,-0.019289385527372,0.022623898461461,-0.034563913941383,-0.095455914735794,-0.077409543097019,0.045134138315916,-0.02193902246654,-0.042393017560244,0.1820484995842,0.13808134198189,-0.068111836910248,-0.23202215135098,0.050915814936161,-0.077275961637497,0.0012459576828405,0.018645325675607,-0.11246927082539,0.031598821282387,0.14548845589161,-0.0069641629233956,-0.020866153761744,-0.05099481344223,-0.1855004131794,0.079993046820164,-0.16445700824261,-0.058688800781965,-0.0096236523240805,-0.11400014162064,0.10434064269066,0.047489181160927,0.073482431471348,0.0042212721891701,-0.0064573655836284,-0.10115700960159,0.0056434134021401,0.090948507189751,0.072370864450932,-0.10063882172108,-0.064159795641899,-0.087528206408024,-0.083343617618084,-0.069635272026062,0.036762405186892,-0.111159093678,0.23423846065998,-0.042644120752811,-0.16704235970974,-0.024677354842424,0.027035169303417,-0.051461841911077,-0.15704733133316,-0.07592585682869,-0.063192062079906,0.011028517968953,-0.031583305448294,-0.14760279655457,0.013216107152402,-0.09175431728363,0.085839137434959,-0.0045378794893622,0.019032517448068,0.021619701758027,0.082360289990902,0.1689465790987,0.020409835502505,0.00014477639342658,0.10487575829029,-0.03361214697361,0.011828574351966,-0.20763626694679,-0.049030978232622,0.0769297555089,0.034226834774017,-0.042068969458342,-0.024967338889837,0.12212235480547,0.030581619590521,0.012534682638943,0.13089245557785,-0.044315852224827,0.037035826593637,-0.047707054764032,0.1902015209198,0.10325209051371,-0.076927162706852,0.032819420099258,0.025254733860493
